0.03333333333333333	0.19840930317109512
0.1	-0.10255454974587745
0.16666666666666666	-0.09708752520168823
0.23333333333333334	0.11284175129183963
0.3	-0.023448957172744353
0.36666666666666664	-0.23845213830698334
0.43333333333333335	0.13887417490510634
0.5	0.538264167456135
0.5666666666666667	0.37369444027389487
0.6333333333333333	-0.07140819476670215
0.7	-0.205639824427811
0.7666666666666666	-0.1489823988443033
0.8333333333333334	-0.582206602639754
0.9	-0.5630638888435247
0.9666666666666667	-0.7521383308106716
1.0333333333333334	-0.9569787552733023
1.1	-0.016688486335746842
1.1666666666666667	0.08339117129461253
1.2333333333333334	-0.19266440534641927
1.3	-0.2734212550672535
1.3666666666666667	-0.053962130154435614
1.4333333333333333	0.29275210638906213
1.5	0.38430621369235096
1.5666666666666667	-0.12648104699403243
1.6333333333333335	-0.2301048624754001
1.7000000000000002	-0.03960829576711065
1.7666666666666668	-0.11944555198560883
1.8333333333333335	-0.19523666845047866
1.9000000000000001	-0.3934202800261999
1.9666666666666668	0.18643876307037727
2.033333333333333	0.3781590605133036
2.0999999999999996	-0.009764313615611022
2.1666666666666665	-0.02265918099646262
2.2333333333333334	0.036714735803169675
2.3	-0.03481233878539642
2.3666666666666667	-0.12270076697823275
2.433333333333333	-0.27867533497434843
2.5	-0.0073898982759394
2.5666666666666664	0.03929066687651825
2.6333333333333333	-0.2648143792509761
2.6999999999999997	-0.47836858584722
2.7666666666666666	-0.18943701104981328
2.833333333333333	-0.1301726681582522
2.9	-0.23107729410927802
2.9666666666666663	0.008695558822833412
3.033333333333333	-0.015269912967096058
3.0999999999999996	-0.10800044570741939
3.1666666666666665	-0.08235935152599536
3.2333333333333334	0.07715752049359635
3.3	0.13057234893748063
3.3666666666666667	-0.12812951151716695
3.433333333333333	0.0545553664199717
3.5	-0.2709238515975885
3.5666666666666664	-0.11281688388378926
3.6333333333333333	-0.009957343950022788
3.6999999999999997	-0.2478508018313781
3.7666666666666666	-0.23396316606635043
3.833333333333333	0.18594549039666095
3.9	-0.1913793044529632
3.9666666666666663	-0.11427588456333715
4.033333333333333	0.8622905118050378
4.1	0.5820520518929957
4.166666666666666	0.21920570238841702
4.233333333333333	0.039504854133885756
4.3	-0.11638036585627892
4.366666666666666	-0.05319163903922909
4.433333333333334	-0.22558535707493274
4.5	-0.235392592669674
4.566666666666666	-0.08521678282988776
4.633333333333333	0.2994776433968582
4.7	0.1284869618458361
4.766666666666667	-0.1391097256752119
4.833333333333333	0.24501784059960918
4.8999999999999995	0.2744166941982698
4.966666666666667	0.09738639761176038
5.033333333333333	0.027128171574086375
5.1	0.22074143452362444
5.166666666666666	0.16441188262673076
5.233333333333333	-0.3643062555915485
5.3	0.34170074700564734
5.366666666666666	-0.031404304401034186
5.433333333333334	-0.05988701438877674
5.5	-0.19281609613718775
5.566666666666666	0.054684830085464396
5.633333333333333	0.07074810899508918
5.7	-0.20550750831588072
5.766666666666667	0.25358005479490736
5.833333333333333	0.515422458471209
5.8999999999999995	0.4017578767154311
5.966666666666667	0.21061662387191585
6.033333333333333	0.41523475526683606
6.1	0.2577877697153116
6.166666666666666	0.023076051562673075
6.233333333333333	0.20642892576381158
6.3	0.20868788307379468
6.366666666666666	-0.04444934000411534
6.433333333333334	-0.13193103847453538
6.5	0.11877823757864356
6.566666666666666	-0.3672179495349263
6.633333333333333	-0.3301849167591494
6.7	-0.13483112547040918
6.766666666666667	-0.07756673439973477
6.833333333333333	0.049185809287088496
6.8999999999999995	-0.10253463762616417
6.966666666666667	-0.2392884088796016
7.033333333333333	0.1424043455492934
7.1	-0.21576162532597346
7.166666666666666	0.0082523638696444
7.233333333333333	0.12467091437816788
7.3	-0.03052207966847407
7.366666666666666	-0.015722565215439365
7.433333333333333	0.07797176765795437
7.5	-0.09655248405243266
7.566666666666666	-0.10800906880330027
7.633333333333333	-0.12875765903046374
7.7	0.16185856012094388
7.766666666666667	0.008357383021959902
7.833333333333333	-0.21754092639774197
7.8999999999999995	0.07996489684678997
7.966666666666667	0.17393459916629825
8.033333333333333	0.5022563531419567
8.1	0.08096667808718527
8.166666666666666	0.2728097239978372
8.233333333333333	0.03956074987268036
8.299999999999999	-0.04956267359953474
8.366666666666667	0.12099864413363837
8.433333333333334	0.13938859170356852
8.5	0.36236707174397564
8.566666666666666	0.4205604945823827
8.633333333333333	-0.026156960085971116
8.7	0.4152588256350072
8.766666666666666	-0.20914757184382643
8.833333333333334	-0.3478448456053219
8.9	-0.2649795971057255
8.966666666666667	-0.17179497021576828
9.033333333333333	0.09775255254195596
9.1	0.1685452243861285
9.166666666666666	0.014129183787295361
9.233333333333333	0.12253809981054646
9.299999999999999	0.3707869734287234
9.366666666666667	0.45862277148950936
9.433333333333334	0.5557438267255654
9.5	-0.08393813441677866
9.566666666666666	0.05340194116512235
9.633333333333333	-0.13784268642608755
9.7	-0.6557412133702659
9.766666666666666	-0.002757197269974641
9.833333333333334	0.34637503215759075
9.9	0.24010723223729274
9.966666666666667	0.5808212942134258
10.033333333333333	-0.4810021397525548
10.1	-0.16139540109534217
10.166666666666666	0.3280854980155628
10.233333333333333	0.6136347193083572
10.299999999999999	0.7697660618389831
10.366666666666667	0.37676298559049226
10.433333333333334	0.14829923824128324
10.5	-0.013659361222375325
10.566666666666666	-0.16549812846248724
10.633333333333333	-0.024659779653064828
10.7	0.17619668330465935
10.766666666666666	-0.00562238622204794
10.833333333333334	-0.006043542300041013
10.9	-0.673148146193461
10.966666666666667	-0.15418435781265696
11.033333333333333	0.5875984103271558
11.1	0.3599135192854824
11.166666666666666	0.1227649827037581
11.233333333333333	-0.10742862646947947
11.299999999999999	0.1420323363779768
11.366666666666667	0.3625129693880526
11.433333333333334	-0.09452235038412067
11.5	0.1121037276845558
11.566666666666666	0.5803159420208561
11.633333333333333	0.45548620521754624
11.7	0.3881583640150889
11.766666666666666	0.8406084688777102
11.833333333333334	0.8440139863962169
11.9	0.14627385741321608
11.966666666666667	-0.2362805875855653
12.033333333333333	-0.5514386488439419
12.1	-0.5709358407684416
12.166666666666666	-0.2921185822861123
12.233333333333333	-0.31503770050226493
12.299999999999999	0.07986178556449175
12.366666666666667	0.4844486904613841
12.433333333333334	0.31878026216854877
12.5	-0.05527794796732483
12.566666666666666	0.20461053412991198
12.633333333333333	-0.12816934208436967
12.7	-0.044922028807357885
12.766666666666666	0.22943130209487125
12.833333333333334	0.41076076348088136
12.9	0.3958510001928678
12.966666666666667	-0.0033995673338421627
13.033333333333333	-0.022841386179105402
13.1	0.061137685077964556
13.166666666666666	0.383038517560148
13.233333333333333	0.2975662916813243
13.299999999999999	0.287545212431582
13.366666666666667	0.0971927239400111
13.433333333333334	-0.1223504254895889
13.5	-0.1264557883665343
13.566666666666666	-0.4118532852782036
13.633333333333333	-0.06279974786981939
13.7	0.026037364278075473
13.766666666666666	0.05585118522792658
13.833333333333332	-0.17927477144866655
13.9	-0.10580981598905415
13.966666666666667	0.095738579762371
14.033333333333333	0.6311256067194183
14.1	0.4791083782615573
14.166666666666666	0.7016225130635413
14.233333333333333	-0.15538536194356622
14.299999999999999	-0.1448330518741911
14.366666666666667	-0.20070011363014137
14.433333333333334	0.2062758913053293
14.5	0.4762580400257435
14.566666666666666	0.3330343575166623
14.633333333333333	-0.054816838704401516
14.7	-0.6095291332010583
14.766666666666666	0.2102451120738772
14.833333333333332	0.18974341844840684
14.9	-0.034718871442823165
14.966666666666667	-0.08485280879772572
15.033333333333333	-0.09024657009291075
15.1	-0.2886791609913305
15.166666666666666	-0.4446738419117549
15.233333333333333	-0.2375658937565178
15.299999999999999	-0.3876358618470633
15.366666666666667	-0.7386657710196116
15.433333333333334	-0.2966609118376441
15.5	-0.36420902769973895
15.566666666666666	-0.620375261971137
15.633333333333333	-0.34605784137502243
15.7	-0.5839456183355369
15.766666666666666	-0.40940012903440653
15.833333333333332	-0.16442917985369132
15.9	-0.42635706561957976
15.966666666666667	-1.0165349763517213
16.033333333333335	-0.053917500757693186
16.1	0.03445942687627753
16.166666666666668	-0.05557386456569807
16.233333333333334	0.11904240227176895
16.3	0.42351596775294365
16.366666666666667	0.09843412726656924
16.433333333333334	-0.044884010382417544
16.5	-0.105241358107844
16.566666666666666	0.1504604620593564
16.633333333333336	-0.0672474819805844
16.700000000000003	-0.030419221802179777
16.76666666666667	0.014167446913892753
16.833333333333336	-0.18605990231594557
16.900000000000002	-0.2871812841675539
16.96666666666667	-0.0957389780713648
17.033333333333335	-0.18728223768378952
17.1	-0.0155705572312142
17.166666666666668	-0.26964111265530694
17.233333333333334	0.02141109863239219
17.3	-0.40347892747525604
17.366666666666667	-0.7663533112455839
17.433333333333334	0.02112608950990852
17.5	0.05489956974114204
17.566666666666666	0.04556358038523169
17.633333333333336	-0.40408509077974447
17.700000000000003	-0.20162219117494712
17.76666666666667	0.035231225217602226
17.833333333333336	-0.06341727886997126
17.900000000000002	0.32038772835759066
17.96666666666667	-0.00018792464241168324
18.033333333333335	-0.7004880770225526
18.1	-0.06494347718711646
18.166666666666668	-0.3137432380264703
18.233333333333334	-0.5720825758546896
18.3	-0.3197218157773406
18.366666666666667	-0.2853854147800016
18.433333333333334	-0.22269510007108956
18.5	-0.030585494323807416
18.566666666666666	0.3450094274681194
18.633333333333336	0.39100459389081454
18.700000000000003	0.2979417655624213
18.76666666666667	-0.02306481743812934
18.833333333333336	-0.21342459783645829
18.900000000000002	-0.27080317289304123
18.96666666666667	-0.12874063151549853
19.033333333333335	-0.051669247665964126
19.1	-0.0013932264220087435
19.166666666666668	-0.1583354986229217
19.233333333333334	-0.5080981944551171
19.3	-0.32125623328093456
19.366666666666667	0.12167954938130283
19.433333333333334	0.14175763610932532
19.5	-0.053394154744615625
19.566666666666666	0.12945015194199508
19.633333333333336	0.07594182674878432
19.700000000000003	-0.06317047333530036
19.76666666666667	0.04627847229157134
19.833333333333336	-0.3242409039468996
19.900000000000002	-0.1686458827520818
19.96666666666667	-0.3496946067579614
