0.03333333333333333	0.030490123833928302
0.1	0.08703823460062472
0.16666666666666666	0.05992291955879881
0.23333333333333334	0.019224944954095463
0.3	-0.0492991979419205
0.36666666666666664	-0.24754785180999667
0.43333333333333335	0.10556391240658813
0.5	0.32297652563871865
0.5666666666666667	-0.42824550802061756
0.6333333333333333	0.21228466502964935
0.7	0.09130552234848381
0.7666666666666666	0.008224813334008207
0.8333333333333334	-0.20669578063953042
0.9	0.2892211718643926
0.9666666666666667	-0.14614547175144604
1.0333333333333334	-0.11911226531953838
1.1	-0.046477498192908036
1.1666666666666667	-0.04873859167465147
1.2333333333333334	0.023360787053801024
1.3	-0.010960156076147705
1.3666666666666667	-0.12884341251466563
1.4333333333333333	0.10696474932847166
1.5	0.10954215744091579
1.5666666666666667	-0.22096173436823857
1.6333333333333335	0.2543709259290639
1.7000000000000002	-0.07433614121056237
1.7666666666666668	-0.11272825314085091
1.8333333333333335	0.06795791633074032
1.9000000000000001	0.10975498017047418
1.9666666666666668	-0.34158595722816837
2.033333333333333	0.2198766379052504
2.0999999999999996	0.057868632270385884
2.1666666666666665	-0.01654695283097729
2.2333333333333334	0.12597462781726285
2.3	-0.10568288397879644
2.3666666666666667	0.09027560734871314
2.433333333333333	0.024703657170421927
2.5	-0.07941118325867211
2.5666666666666664	0.16146637335660316
2.6333333333333333	-0.22323948687355033
2.6999999999999997	0.2600484007580171
2.7666666666666666	0.05708166195798123
2.833333333333333	-0.16640347280449608
2.9	-0.09944501788871743
2.9666666666666663	-0.17769646455117882
3.033333333333333	0.11747207208765419
3.0999999999999996	0.06550589931895227
3.1666666666666665	0.010268298103562916
3.2333333333333334	-0.025931049277401374
3.3	0.21051572417702447
3.3666666666666667	-0.04935840579639556
3.433333333333333	-0.019381869191678634
3.5	0.2583743677338451
3.5666666666666664	-0.2270220397536758
3.6333333333333333	0.12999901402359423
3.6999999999999997	-0.11390027082625041
3.7666666666666666	0.20978990120391527
3.833333333333333	-0.24867221885906318
3.9	0.27947356240495813
3.9666666666666663	-0.09596134427171035
4.033333333333333	-0.03443981793242721
4.1	0.16903787199366474
4.166666666666666	-0.18881103818572778
4.233333333333333	-0.11905578264407908
4.3	0.013462600070069474
4.366666666666666	-0.184031373205385
4.433333333333334	0.08086370204313358
4.5	0.05993547840565387
4.566666666666666	0.266737918075967
4.633333333333333	0.1362442188760802
4.7	-0.06981372601167893
4.766666666666667	-0.10427409210559216
4.833333333333333	-0.3244818033013056
4.8999999999999995	-0.06793010226580595
4.966666666666667	-0.28642856242314874
5.033333333333333	0.13442979806486585
5.1	0.05404432201395969
5.166666666666666	-0.09297874838416909
5.233333333333333	0.20631523561010676
5.3	0.013968830661476755
5.366666666666666	0.03722228973236199
5.433333333333334	-0.018265269194111738
5.5	0.008140267067966328
5.566666666666666	0.06510702054927359
5.633333333333333	-0.2677039090530997
5.7	-0.12326330476882498
5.766666666666667	-0.02452576645123667
5.833333333333333	0.23647265087144434
5.8999999999999995	-0.12078944696467818
5.966666666666667	0.18512538929955022
6.033333333333333	-0.06931427685842549
6.1	-0.02286726168197971
6.166666666666666	0.05486674959265421
6.233333333333333	0.07660373767515513
6.3	-0.05408980172156428
6.366666666666666	-0.05041641941379066
6.433333333333334	0.061682593998742825
6.5	0.1755411783492808
6.566666666666666	-0.1649615531696324
6.633333333333333	-0.09154303217244404
6.7	0.3140995606550413
6.766666666666667	0.15948792515686366
6.833333333333333	-0.007534748299035458
6.8999999999999995	0.14065165485373549
6.966666666666667	-0.10277060878858806
7.033333333333333	-0.17160004209605634
7.1	-0.03897136602087114
7.166666666666666	0.1689975834765538
7.233333333333333	0.14246092361759063
7.3	-0.27815963107779373
7.366666666666666	0.1829323851677587
7.433333333333333	-0.28762709370583545
7.5	-0.21864650239902633
7.566666666666666	0.21881896300839532
7.633333333333333	0.22263175678569036
7.7	0.21603458950931864
7.766666666666667	0.18661211539800884
7.833333333333333	0.03453373035345273
7.8999999999999995	-0.226881857494133
7.966666666666667	-0.044862145819379376
8.033333333333333	0.18694906635972586
8.1	0.36486065464347933
8.166666666666666	0.06597213496118738
8.233333333333333	-0.1197440867782297
8.299999999999999	-0.2532883721636281
8.366666666666667	0.04257471717744168
8.433333333333334	-0.08312644828635674
8.5	0.16108066132755253
8.566666666666666	-0.04812051997730192
8.633333333333333	0.31618410814543074
8.7	0.04692784524034987
8.766666666666666	-0.2562598246363791
8.833333333333334	0.07096182785698411
8.9	-0.2011379122984024
8.966666666666667	0.07773655869696253
9.033333333333333	0.03974871657918725
9.1	0.05087034570077081
9.166666666666666	-0.09731721258035413
9.233333333333333	0.06682528749218176
9.299999999999999	0.13484654562205617
9.366666666666667	-0.07265339548442436
9.433333333333334	-0.02442033820434685
9.5	0.1382594233800493
9.566666666666666	-0.19516032798266372
9.633333333333333	0.028305988060527594
9.7	-0.04859013713172429
9.766666666666666	-0.17196672646232375
9.833333333333334	0.13237610001714237
9.9	-0.10724841339769642
9.966666666666667	0.458537024016757
10.033333333333333	-0.07708011332275569
10.1	0.027618625333526946
10.166666666666666	-0.05132840848347347
10.233333333333333	-0.36907770391965167
10.299999999999999	-0.01325010428312019
10.366666666666667	-0.01216355649382704
10.433333333333334	-0.055420444082685115
10.5	0.223975995934857
10.566666666666666	-0.02070374989140047
10.633333333333333	-0.025998500184384942
10.7	0.21050952828298436
10.766666666666666	0.12144460475410955
10.833333333333334	0.013414059526835394
10.9	-0.08533163762807648
10.966666666666667	-0.4591386073748731
11.033333333333333	-0.2338050987091217
11.1	0.09549685176915201
11.166666666666666	0.22510792013328465
11.233333333333333	-0.005052524536238796
11.299999999999999	-0.022598811414160383
11.366666666666667	-0.23134916076542042
11.433333333333334	0.23143103883333316
11.5	0.014204442856168061
11.566666666666666	0.014060390112206935
11.633333333333333	-0.06732996153100922
11.7	-0.193552539656762
11.766666666666666	-0.015815573205317863
11.833333333333334	0.15171932750599507
11.9	-0.2345500675832899
11.966666666666667	-0.053110875074216204
12.033333333333333	0.04057801136928232
12.1	0.07979438812692534
12.166666666666666	-0.013102934557539386
12.233333333333333	0.43226830837859914
12.299999999999999	-0.09422368381945431
12.366666666666667	0.22292235881118647
12.433333333333334	-0.125977357257838
12.5	-0.05243842600329598
12.566666666666666	-0.3408714017571259
12.633333333333333	0.020119970280281528
12.7	-0.11506558979710638
12.766666666666666	-0.04796040442175264
12.833333333333334	-0.041228459659379546
12.9	0.21304447550368721
12.966666666666667	0.13539523588549893
13.033333333333333	0.1404707612564437
13.1	-0.23119421669797557
13.166666666666666	-0.7932348760564661
13.233333333333333	-0.034206808066804345
13.299999999999999	0.3004399737404694
13.366666666666667	-0.11306236919751757
13.433333333333334	-0.03582537705700416
13.5	-0.21295522086958107
13.566666666666666	0.039437227917700005
13.633333333333333	0.10214675411709707
13.7	0.46018984453924533
13.766666666666666	0.1401751334687438
13.833333333333332	0.039015769884990927
13.9	-0.32529562543798557
13.966666666666667	-0.21434207270990302
14.033333333333333	-0.2724734633772641
14.1	0.3077840244100768
14.166666666666666	-0.4306004914967826
14.233333333333333	0.04649941240961982
14.299999999999999	0.08737993584905056
14.366666666666667	-0.22483498405198804
14.433333333333334	-0.19571230459626338
14.5	0.11172669884568508
14.566666666666666	-0.028419084230508318
14.633333333333333	0.1650780734114577
14.7	0.016678758262131492
14.766666666666666	0.28406652825431067
14.833333333333332	0.02206099666410986
14.9	-0.2629544219235565
14.966666666666667	0.12117808919574634
15.033333333333333	0.21204648418067573
15.1	-0.22207750106832866
15.166666666666666	0.2810070401161575
15.233333333333333	-0.08911335839426758
15.299999999999999	-0.17854237002615847
15.366666666666667	-0.10841456674433969
15.433333333333334	-0.20804682779116268
15.5	-0.08229436563036159
15.566666666666666	0.11804052663108273
15.633333333333333	-0.05537811972515995
15.7	0.24435100829740158
15.766666666666666	0.09369200043395415
15.833333333333332	0.1916853680720786
15.9	0.027827888929352045
15.966666666666667	-0.4220444918506362
16.033333333333335	0.008212062471458339
16.1	-0.0174880477065242
16.166666666666668	0.36935341963714285
16.233333333333334	-0.2597059847642518
16.3	0.07384014745216011
16.366666666666667	-0.08922852544094376
16.433333333333334	-0.20441854551437288
16.5	-0.1543748680758478
16.566666666666666	-0.007005949084897388
16.633333333333336	-0.024283193872732433
16.700000000000003	-0.08915646739753476
16.76666666666667	-0.023333641140421944
16.833333333333336	-0.10808914447167592
16.900000000000002	0.1232312356768707
16.96666666666667	0.36733150136855464
17.033333333333335	-0.024148496757287703
17.1	0.19838297582884645
17.166666666666668	-0.2931704890063991
17.233333333333334	-0.04196497970163079
17.3	-0.031276535483690165
17.366666666666667	-0.02585090293220729
17.433333333333334	-0.25697589538116755
17.5	-0.04214157458899843
17.566666666666666	0.08080684296462388
17.633333333333336	0.02645977675483275
17.700000000000003	0.10614760139069906
17.76666666666667	0.053992353457042265
17.833333333333336	0.07659414565935098
17.900000000000002	0.1614598618481625
17.96666666666667	-0.2725413408764091
18.033333333333335	0.06437221845930764
18.1	-0.19893133207686775
18.166666666666668	-0.13799647907776896
18.233333333333334	0.08406669454883876
18.3	-0.1559182197368362
18.366666666666667	-0.16563683519509376
18.433333333333334	0.07241456712780017
18.5	0.055549976180958395
18.566666666666666	0.0917290051038961
18.633333333333336	-0.021794405594134977
18.700000000000003	-0.06830763285559198
18.76666666666667	-0.08925247097736891
18.833333333333336	0.06389504578315086
18.900000000000002	-0.0039108128845357585
18.96666666666667	0.1269977186537668
19.033333333333335	0.06678353031289556
19.1	0.17852813841861362
19.166666666666668	0.15740821260162227
19.233333333333334	-0.3011680882503014
19.3	-0.34741257370702994
19.366666666666667	-0.0011089087563187826
19.433333333333334	-0.25436076572822347
19.5	0.0855383907508216
19.566666666666666	0.10894833627170623
19.633333333333336	0.17240486309597783
19.700000000000003	-0.14057470288711724
19.76666666666667	-0.18871151569605998
19.833333333333336	0.26188653805527107
19.900000000000002	-0.06898176795448971
19.96666666666667	-0.13552319037103422
