0.03333333333333333	-0.5258430779611678
0.1	-0.20340515642506338
0.16666666666666666	-0.030970134263506425
0.23333333333333334	-0.06693848045013147
0.3	0.15846333862641349
0.36666666666666664	0.10879994382090102
0.43333333333333335	-0.28056219829475143
0.5	-0.026921616682386577
0.5666666666666667	0.07764216685082631
0.6333333333333333	-0.06555560189462116
0.7	-0.1484226202973143
0.7666666666666666	-0.1427221667230381
0.8333333333333334	-0.13063471585526096
0.9	0.10560835338753312
0.9666666666666667	0.015275533751965172
1.0333333333333334	0.037438512988561455
1.1	0.11603392159390627
1.1666666666666667	-0.030331943187560634
1.2333333333333334	0.08677750170247277
1.3	0.08955988792511221
1.3666666666666667	0.011761166014685045
1.4333333333333333	-0.18358350447809213
1.5	-0.024506156197834368
1.5666666666666667	0.08968681503423287
1.6333333333333335	0.2494706486954884
1.7000000000000002	0.24012465933695668
1.7666666666666668	0.1803765661815565
1.8333333333333335	-0.13561902751259694
1.9000000000000001	0.1548437709420936
1.9666666666666668	-0.014135716432894753
2.033333333333333	-0.0856050032597503
2.0999999999999996	0.06089179070410488
2.1666666666666665	-0.21140862976028285
2.2333333333333334	-0.29403374407652066
2.3	0.3322064663179285
2.3666666666666667	0.14471507685966253
2.433333333333333	-0.09524868787751731
2.5	-0.08189216612851292
2.5666666666666664	0.22824053984257187
2.6333333333333333	0.10193723533014869
2.6999999999999997	0.10524816176553217
2.7666666666666666	0.07364378945562533
2.833333333333333	0.07525592064654911
2.9	-0.14934731214197547
2.9666666666666663	-0.30423970476443996
3.033333333333333	-0.49595738949153595
3.0999999999999996	-0.09602108033415481
3.1666666666666665	-0.033494230230259235
3.2333333333333334	0.21253174153587684
3.3	-0.033159296243629066
3.3666666666666667	-0.023743012297651737
3.433333333333333	0.05421041290459712
3.5	0.0028987183104369294
3.5666666666666664	0.014715467740257884
3.6333333333333333	-0.1314111619826526
3.6999999999999997	-0.15566941094334646
3.7666666666666666	-0.09661145372908664
3.833333333333333	-0.2745799451923297
3.9	-0.20458460817077068
3.9666666666666663	-0.04417679639425797
4.033333333333333	0.14580200295311432
4.1	0.2727311867993824
4.166666666666666	0.601556476256644
4.233333333333333	0.15774882596390016
4.3	0.02396862479983164
4.366666666666666	0.032389513523659264
4.433333333333334	0.06856558381090543
4.5	0.014856921826375805
4.566666666666666	-0.10004386113912267
4.633333333333333	-0.08991595308909966
4.7	0.0872324108689758
4.766666666666667	0.13085700460174446
4.833333333333333	0.050163358720708484
4.8999999999999995	-0.2574155959364545
4.966666666666667	-0.49434436757755884
5.033333333333333	-0.44154693874665313
5.1	-0.2606914559927999
5.166666666666666	-0.2769256894104426
5.233333333333333	-0.07846134473597009
5.3	0.03385731999234435
5.366666666666666	0.34294794133929923
5.433333333333334	0.3809560338107431
5.5	0.05701092911548168
5.566666666666666	0.055225912544891724
5.633333333333333	-0.10010910203660303
5.7	0.08970678867802037
5.766666666666667	-0.024295592648014525
5.833333333333333	-0.19519182929196502
5.8999999999999995	-0.2916371087813432
5.966666666666667	-0.333910383390139
6.033333333333333	0.05515923659924112
6.1	0.2828735880325823
6.166666666666666	-0.041370708428443786
6.233333333333333	0.31117217308495526
6.3	0.24368269850981436
6.366666666666666	-0.17681429204107513
6.433333333333334	-0.1162602980921284
6.5	-0.23614079970966362
6.566666666666666	-0.2359265135574654
6.633333333333333	0.03306826632769369
6.7	0.17294301552999716
6.766666666666667	0.0687184591100695
6.833333333333333	0.14354901432559292
6.8999999999999995	0.35244283685672406
6.966666666666667	-0.0007064147641048211
7.033333333333333	0.2645124483050339
7.1	0.2186694462085332
7.166666666666666	0.23386005213057642
7.233333333333333	0.06797382913774778
7.3	0.0913844250427164
7.366666666666666	0.059091506362713125
7.433333333333333	-0.08855776353018525
7.5	-0.2436478734671184
7.566666666666666	-0.20776619672409102
7.633333333333333	0.22670824548384771
7.7	0.18848115304589555
7.766666666666667	0.28572229969760615
7.833333333333333	0.2332305686295873
7.8999999999999995	0.03723898458972627
7.966666666666667	0.008530350589442525
8.033333333333333	0.014877509968843843
8.1	-0.028169059080130145
8.166666666666666	0.2540461748399987
8.233333333333333	0.29983619689416185
8.299999999999999	0.3669482193605183
8.366666666666667	0.3036875555342343
8.433333333333334	0.3063261154933932
8.5	0.2546202907122949
8.566666666666666	-0.01468392245970999
8.633333333333333	-0.04618200780823743
8.7	0.11093410175906832
8.766666666666666	0.19604750022680412
8.833333333333334	0.03443436458409615
8.9	0.027565192191695825
8.966666666666667	0.021258783448587466
9.033333333333333	-0.10581422853906866
9.1	0.1655116739971949
9.166666666666666	0.1871716040347457
9.233333333333333	0.007015956075756244
9.299999999999999	0.04282817520413729
9.366666666666667	0.44449934931078966
9.433333333333334	0.45819291341915874
9.5	0.4125531755170886
9.566666666666666	0.3945554585135279
9.633333333333333	0.25327393798083453
9.7	0.06975277169924252
9.766666666666666	-0.30915512951388907
9.833333333333334	-0.4220321489665187
9.9	-0.27164619603871204
9.966666666666667	-0.34960245419321123
10.033333333333333	-0.590975287328607
10.1	-0.38010497198420945
10.166666666666666	0.045534810233120705
10.233333333333333	-0.3016708330443008
10.299999999999999	-0.26746071587211795
10.366666666666667	-0.5707749608257824
10.433333333333334	-0.38290202543088214
10.5	-0.4407719836396048
10.566666666666666	0.08221905059116952
10.633333333333333	-0.3992053690117751
10.7	-0.6474059496705856
10.766666666666666	-0.10450231001312774
10.833333333333334	0.05772651408301646
10.9	-0.05430873718277939
10.966666666666667	-0.07496397730617269
11.033333333333333	-0.2922165732671539
11.1	-0.5456433431126646
11.166666666666666	-0.5746778898128879
11.233333333333333	-0.4869193832307617
11.299999999999999	-0.6749447314765982
11.366666666666667	-0.8249647198205666
11.433333333333334	-0.4547536962205955
11.5	0.1149356293987429
11.566666666666666	0.1182210734542414
11.633333333333333	-0.22309587988958654
11.7	0.2542405088284685
11.766666666666666	0.07507793518550784
11.833333333333334	0.30472236191038504
11.9	-0.1392993344818443
11.966666666666667	-0.12429987831899375
12.033333333333333	-0.3258105296387999
12.1	0.06958292545508732
12.166666666666666	0.07275058365872006
12.233333333333333	-0.16872865920103736
12.299999999999999	-0.42499118202803654
12.366666666666667	-0.1639023246471284
12.433333333333334	-0.3880511155564176
12.5	-0.5355473983063757
12.566666666666666	-0.1859485947461662
12.633333333333333	0.029679865676677474
12.7	-0.09377643409271823
12.766666666666666	-0.26986057279681397
12.833333333333334	-0.33959666655400766
12.9	-0.1053366593733226
12.966666666666667	-0.7441402507829254
13.033333333333333	-0.5603618311688358
13.1	-0.7390267801504032
13.166666666666666	-0.4317433315254565
13.233333333333333	-0.0201172456903089
13.299999999999999	-0.09847941641731627
13.366666666666667	0.44527206302079486
13.433333333333334	0.5117713785322764
13.5	-0.12700026178753526
13.566666666666666	0.2150214770935719
13.633333333333333	0.33110185944137355
13.7	0.29429703144754443
13.766666666666666	0.027997768915865317
13.833333333333332	-0.3591559432910845
13.9	-0.5091565945137768
13.966666666666667	-0.8089553626398345
14.033333333333333	-0.9135154026057701
14.1	-0.8645570363945566
14.166666666666666	-1.2286636576008785
14.233333333333333	-0.7023765523233392
14.299999999999999	-0.46757162033077204
14.366666666666667	0.16422918114664223
14.433333333333334	-0.07693048198839283
14.5	-0.4101171411189993
14.566666666666666	-0.3921528022820454
14.633333333333333	-0.3136160801311804
14.7	-0.7344793878494795
14.766666666666666	-0.5652405002326623
14.833333333333332	-0.10998680857594673
14.9	-0.014364085283207756
14.966666666666667	-0.336286757958516
15.033333333333333	-0.25627286612761807
15.1	-0.06307168816323604
15.166666666666666	-0.4423885040383579
15.233333333333333	-0.3476025147973961
15.299999999999999	0.266666857099226
15.366666666666667	0.78233639198245
15.433333333333334	0.6159039093095988
15.5	0.268717760410165
15.566666666666666	0.19644566922847376
15.633333333333333	0.1408351626294645
15.7	-0.3009557491582
15.766666666666666	-0.29244810630885204
15.833333333333332	-0.10475014791893289
15.9	-0.5244883824769642
15.966666666666667	-0.043282146133827776
16.033333333333335	-0.15770347378993632
16.1	-0.636819996453054
16.166666666666668	-0.18390093132907356
16.233333333333334	0.19790598840210033
16.3	-0.006467357725237587
16.366666666666667	0.3240063237189849
16.433333333333334	0.4746175836793968
16.5	0.7965576433351752
16.566666666666666	0.011662533330359532
16.633333333333336	0.30009818893163526
16.700000000000003	0.0068225231659317705
16.76666666666667	-0.5609382244663974
16.833333333333336	-0.11075461591335958
16.900000000000002	-0.0718179956474439
16.96666666666667	0.16445339355648633
17.033333333333335	-0.4043667585328603
17.1	-0.3440137564300754
17.166666666666668	0.05005007755529675
17.233333333333334	0.32460052234261383
17.3	-0.08032464806895755
17.366666666666667	0.06552003172556645
17.433333333333334	0.6956593804622009
17.5	0.44959154020017955
17.566666666666666	0.6443157727711661
17.633333333333336	0.3492861778816775
17.700000000000003	0.2565931328949359
17.76666666666667	0.6775431906239097
17.833333333333336	0.2929482974283942
17.900000000000002	-0.0049393267572282904
17.96666666666667	0.47755299902066084
18.033333333333335	-0.11210195904818357
18.1	0.0837050911232378
18.166666666666668	1.0181743146728832
18.233333333333334	0.14645475298908728
18.3	0.08836057494607284
18.366666666666667	0.06077845651947145
18.433333333333334	0.2498875168731629
18.5	-0.4125872999896336
18.566666666666666	-0.2798543819823385
18.633333333333336	-0.2130551302973769
18.700000000000003	-0.15712677876696732
18.76666666666667	-0.42201704650585903
18.833333333333336	-0.33111386175591595
18.900000000000002	-0.19828738915565872
18.96666666666667	-0.12906959875714433
19.033333333333335	0.33506521770177455
19.1	0.6390201887458686
19.166666666666668	0.5582853541507234
19.233333333333334	0.44912475092676246
19.3	-0.24953565299905722
19.366666666666667	-0.49661458226207095
19.433333333333334	-0.17141953118247438
19.5	-0.2766928150984932
19.566666666666666	-0.17120546087733976
19.633333333333336	0.15776051820557951
19.700000000000003	-0.05314466368135816
19.76666666666667	-0.4600341951606606
19.833333333333336	-0.6959859783161686
19.900000000000002	-0.996984694334966
19.96666666666667	-0.8119532141918375
