0.03333333333333333	11.43109952520947
0.1	8.291837678222569
0.16666666666666666	6.2861431192415225
0.23333333333333334	4.957320316911199
0.3	3.973400388220039
0.36666666666666664	3.2225323111017454
0.43333333333333335	2.6129923948935234
0.5	2.2960373857621788
0.5666666666666667	2.0020330281472347
0.6333333333333333	1.6688846892123828
0.7	1.42743948388716
0.7666666666666666	1.192589656960162
0.8333333333333334	1.077716027220343
0.9	0.9614920233291755
0.9666666666666667	0.8120178594109291
1.0333333333333334	0.6888899998249817
1.1	0.618295874874195
1.1666666666666667	0.5703077196653391
1.2333333333333334	0.5778351301627922
1.3	0.4609575876962239
1.3666666666666667	0.42051947359362424
1.4333333333333333	0.3968696901561042
1.5	0.36657060064155095
1.5666666666666667	0.2964811068628934
1.6333333333333335	0.17788568685175743
1.7000000000000002	0.10453459825462859
1.7666666666666668	0.15881306752819221
1.8333333333333335	0.1380235216355758
1.9000000000000001	0.14124375074367987
1.9666666666666668	0.0989391872915195
2.033333333333333	0.0947261021445863
2.0999999999999996	0.10616526565113452
2.1666666666666665	0.19268413819716654
2.2333333333333334	0.16266202801083154
2.3	0.17602442798373452
2.3666666666666667	0.14270440381249136
2.433333333333333	0.07017666077546324
2.5	0.13921176772454932
2.5666666666666664	0.11447943521569952
2.6333333333333333	0.10275197855895124
2.6999999999999997	0.11002225169555928
2.7666666666666666	0.07529369081044773
2.833333333333333	0.08294690877335117
2.9	0.07438595519826276
2.9666666666666663	0.07479463488568391
3.033333333333333	0.03600073509960532
3.0999999999999996	0.03924000346605761
3.1666666666666665	0.05817676848667448
3.2333333333333334	0.05139959317132639
3.3	-0.047074416480895956
3.3666666666666667	-0.034015848155810186
3.433333333333333	0.022019702976096317
3.5	0.011366473067770643
3.5666666666666664	0.020533503838856583
3.6333333333333333	0.0463965071074652
3.6999999999999997	0.08046131057918135
3.7666666666666666	0.04124489597586721
3.833333333333333	0.003423582854428287
3.9	-0.03775706811457733
3.9666666666666663	0.01617077992136022
4.033333333333333	0.06202330185541205
4.1	0.0827992305222249
4.166666666666666	0.09163587737160415
4.233333333333333	0.0723020949434597
4.3	0.01778519711127654
4.366666666666666	-0.0046922683779116485
4.433333333333334	-0.12321440986110788
4.5	-0.017458767263807313
4.566666666666666	-0.030988989280500787
4.633333333333333	0.03867822787044064
4.7	0.06374255651679656
4.766666666666667	0.04484032203460184
4.833333333333333	0.04440030448404985
4.8999999999999995	0.018929873125979685
4.966666666666667	-0.005096717999337023
5.033333333333333	-0.03381897422793847
5.1	-0.019196989374347877
5.166666666666666	0.0004061224507534022
5.233333333333333	0.04735006033617012
5.3	0.07353530266522702
5.366666666666666	0.07784724090525498
5.433333333333334	0.0552755697596517
5.5	0.045806050918109346
5.566666666666666	0.13166041235222647
5.633333333333333	0.15979536371299768
5.7	0.060002247359662995
5.766666666666667	0.065515315125035
5.833333333333333	0.04757709539293285
5.8999999999999995	0.07006542497807858
5.966666666666667	0.03229195597069996
6.033333333333333	-0.05056054444487532
6.1	-0.13590981243771402
6.166666666666666	-0.12887331299218227
6.233333333333333	-0.14061248358751358
6.3	-0.14734935686559308
6.366666666666666	-0.20420335995848685
6.433333333333334	-0.18849116957262685
6.5	-0.14079075783045986
6.566666666666666	-0.11481918897839154
6.633333333333333	-0.16059656280734566
6.7	-0.0869567008767752
6.766666666666667	-0.07417348883159598
6.833333333333333	-0.08830202569306399
6.8999999999999995	-0.06308700885347071
6.966666666666667	-0.04581465920380642
7.033333333333333	-0.09614476481113363
7.1	-0.16066756076890723
7.166666666666666	-0.19109674185133743
7.233333333333333	-0.15282920326533195
7.3	-0.10061136048963329
7.366666666666666	-0.09075390721897005
7.433333333333333	-0.08331956631874265
7.5	-0.09225616388585475
7.566666666666666	-0.08123441839212925
7.633333333333333	-0.07585548601708322
7.7	-0.09804801646640494
7.766666666666667	-0.1151613049559011
7.833333333333333	-0.15137451422346607
7.8999999999999995	-0.13667238339563886
7.966666666666667	-0.11485910609089121
8.033333333333333	-0.051047953670625854
8.1	-0.0386373516554903
8.166666666666666	-0.058223837707295854
8.233333333333333	-0.033000068092880724
8.299999999999999	-0.0652711234659695
8.366666666666667	-0.12000428758084407
8.433333333333334	-0.16536624762619914
8.5	-0.24219932692461288
8.566666666666666	-0.2243417346720456
8.633333333333333	-0.29219657756717965
8.7	-0.40829475144287325
8.766666666666666	-0.46246012630926353
8.833333333333334	-0.49583912457341095
8.9	-0.6208936557420935
8.966666666666667	-0.7095628400322889
9.033333333333333	-0.8211245558207
9.1	-0.9413709280700189
9.166666666666666	-1.0689347491143746
9.233333333333333	-1.2018159709267355
9.299999999999999	-1.4033001677130044
9.366666666666667	-1.6432779028138036
9.433333333333334	-1.9447661984753315
9.5	-2.3640719900603147
9.566666666666666	-2.830764254348209
9.633333333333333	-3.354825453241312
9.7	-4.080593509353636
9.766666666666666	-5.036927085311003
9.833333333333334	-6.354524249073009
9.9	-8.150973081291488
9.966666666666667	-11.290152998241247
10.033333333333333	-13.031962760985484
10.1	-11.36363216192473
10.166666666666666	-10.034034115579464
10.233333333333333	-8.790224837570062
10.299999999999999	-7.6466360967535465
10.366666666666667	-6.757167179039886
10.433333333333334	-5.905517521726757
10.5	-5.218181883696041
10.566666666666666	-4.569904276627639
10.633333333333333	-3.998164169299784
10.7	-3.4184779210428644
10.766666666666666	-2.991214947756276
10.833333333333334	-2.7043843731336423
10.9	-2.3694379244048807
10.966666666666667	-2.080665364699563
11.033333333333333	-1.9505179354682631
11.1	-1.7733163013811313
11.166666666666666	-1.521150629501877
11.233333333333333	-1.1886123678529266
11.299999999999999	-1.0926851495411465
11.366666666666667	-0.8974139535202326
11.433333333333334	-0.8088280578147167
11.5	-0.7087697762774395
11.566666666666666	-0.6224408610967703
11.633333333333333	-0.5440053459988216
11.7	-0.5227381856009086
11.766666666666666	-0.4464159090544473
11.833333333333334	-0.32998690245970197
11.9	-0.14064253951536476
11.966666666666667	-0.15391858074832357
12.033333333333333	-0.13712505936794786
12.1	-0.2143519003663005
12.166666666666666	-0.2686033681022092
12.233333333333333	-0.13337720041358705
12.299999999999999	-0.16129545605228182
12.366666666666667	0.016219098929587297
12.433333333333334	-0.015061401916744398
12.5	-0.13866274963681266
12.566666666666666	-0.11344476506540271
12.633333333333333	-0.23924642267332122
12.7	-0.03366043506649896
12.766666666666666	-0.24836938689045304
12.833333333333334	-0.19929504546941254
12.9	-0.10933734273718129
12.966666666666667	-0.046036012693269616
13.033333333333333	0.0034347715337122854
13.1	-0.03774428696742848
13.166666666666666	-0.12953574279146846
13.233333333333333	-0.211090373777206
13.299999999999999	-0.2077040994742417
13.366666666666667	-0.19114221951099522
13.433333333333334	-0.1963964371087769
13.5	-0.31405329968839046
13.566666666666666	-0.21402890818805193
13.633333333333333	-0.12883539873797348
13.7	-0.05878324242300269
13.766666666666666	-0.10143483615158819
13.833333333333332	-0.062480444555263234
13.9	-0.0688411896509705
13.966666666666667	-0.03690639165410772
14.033333333333333	-0.08729013794898698
14.1	0.05073146662315007
14.166666666666666	0.01740184263698125
14.233333333333333	0.16363179001234024
14.299999999999999	0.15352927500534183
14.366666666666667	0.04752706429829264
14.433333333333334	0.11899309746316891
14.5	0.22361963148239725
14.566666666666666	0.13368312243317654
14.633333333333333	0.0656683789104896
14.7	0.07567888850541458
14.766666666666666	0.019205891734270744
14.833333333333332	-0.10315976425598107
14.9	-0.0025401980308885834
14.966666666666667	0.04413943702083424
15.033333333333333	0.1327054390064002
15.1	0.2341401660752659
15.166666666666666	0.07119829810630784
15.233333333333333	-0.048529591133932376
15.299999999999999	-0.04279425056088357
15.366666666666667	-0.07045159370295495
15.433333333333334	-0.12125240250134153
15.5	-0.12007099043820951
15.566666666666666	-0.27674970987779024
15.633333333333333	-0.379875341708936
15.7	-0.2361458879943895
15.766666666666666	-0.13477122211317727
15.833333333333332	-0.129097202858301
15.9	-0.25117785267989995
15.966666666666667	-0.21775092777087207
16.033333333333335	-0.1824208194128294
16.1	-0.29003121848668323
16.166666666666668	-0.256288967545008
16.233333333333334	-0.09640600444671625
16.3	-0.08302492042653377
16.366666666666667	0.010702076171267475
16.433333333333334	0.012793769369479957
16.5	-0.059162565582934645
16.566666666666666	-0.1305136450431084
16.633333333333336	-0.24013959390714942
16.700000000000003	-0.3217437268157136
16.76666666666667	-0.3668609859914092
16.833333333333336	-0.4313324457421422
16.900000000000002	-0.3398368937042216
16.96666666666667	-0.0668350171366959
17.033333333333335	0.06857887758266454
17.1	-0.005241743197783595
17.166666666666668	-0.035579360730012125
17.233333333333334	-0.07952692193573586
17.3	-0.051900950816486546
17.366666666666667	-0.06040898709440812
17.433333333333334	0.04194576988190963
17.5	0.1970053594098656
17.566666666666666	0.1368945805054269
17.633333333333336	0.19149203286541966
17.700000000000003	0.32299438996025925
17.76666666666667	0.31726288360979255
17.833333333333336	0.2557562720372826
17.900000000000002	0.19820139930142167
17.96666666666667	0.29272005724320216
18.033333333333335	0.455479264103749
18.1	0.5261615838280045
18.166666666666668	0.6438680280801475
18.233333333333334	0.7966161692368323
18.3	0.8301224042281988
18.366666666666667	0.838714070143419
18.433333333333334	0.9747714997463245
18.5	1.0130885810215167
18.566666666666666	1.0915291287956344
18.633333333333336	1.1023696938680427
18.700000000000003	1.1214791580463392
18.76666666666667	1.3584374778799042
18.833333333333336	1.4737821890721088
18.900000000000002	1.599355022961878
18.96666666666667	1.8611339976203245
19.033333333333335	2.2653752007896886
19.1	2.599900704815017
19.166666666666668	2.880747859366091
19.233333333333334	3.3196645124132047
19.3	3.593188359440646
19.366666666666667	4.045445272285064
19.433333333333334	4.636452020259305
19.5	5.349307994359178
19.566666666666666	6.088292102154985
19.633333333333336	6.846128141750154
19.700000000000003	7.786993641230738
19.76666666666667	8.672124069623857
19.833333333333336	9.908991865091624
19.900000000000002	11.392987796195007
19.96666666666667	13.031806593607095
