0.03333333333333333	-0.21313511352950054
0.1	0.0012029518222273492
0.16666666666666666	-0.06014999836516176
0.23333333333333334	-0.05729103190313379
0.3	-0.09639854944834757
0.36666666666666664	-0.02849393388153123
0.43333333333333335	-0.15695028592192917
0.5	-0.10448459398512135
0.5666666666666667	0.030170907160943863
0.6333333333333333	-0.0681925292481128
0.7	-0.09977687399138828
0.7666666666666666	-0.13125820857836498
0.8333333333333334	-0.13466397011571776
0.9	-0.057546410559708445
0.9666666666666667	-0.05837317761348724
1.0333333333333334	-0.20642100493220983
1.1	-0.17058653819870298
1.1666666666666667	-0.08880466362121618
1.2333333333333334	-0.010638508490587057
1.3	-0.05988089154442317
1.3666666666666667	-0.09119124057459621
1.4333333333333333	-0.1627923181392551
1.5	-0.07265859074929491
1.5666666666666667	-0.10744090874393655
1.6333333333333335	-0.0057828309431297
1.7000000000000002	-0.0013637167980217885
1.7666666666666668	-0.03963410453681645
1.8333333333333335	-0.05150077270467859
1.9000000000000001	0.012863211670780327
1.9666666666666668	-0.1318145111454787
2.033333333333333	-0.10039961384146898
2.0999999999999996	0.0313331559498388
2.1666666666666665	0.09379436426354847
2.2333333333333334	0.061257966451151606
2.3	0.16662981155503015
2.3666666666666667	0.17819602233215925
2.433333333333333	0.3592369758352895
2.5	0.26546472561407036
2.5666666666666664	0.2608707401568799
2.6333333333333333	0.01081487296512586
2.6999999999999997	0.044227055221219724
2.7666666666666666	0.061895758092299774
2.833333333333333	-0.048680363109350935
2.9	0.026705540325505147
2.9666666666666663	0.18642662112539246
3.033333333333333	0.14547304599355873
3.0999999999999996	-0.03556227785505989
3.1666666666666665	0.03544695961124901
3.2333333333333334	-0.01383733006489641
3.3	0.14208762139731473
3.3666666666666667	0.23186608789293284
3.433333333333333	0.19472907783251667
3.5	0.1673719505208811
3.5666666666666664	0.12503177647785238
3.6333333333333333	0.04305802407471959
3.6999999999999997	0.08830558003334557
3.7666666666666666	0.15567463394599237
3.833333333333333	0.11837896690029173
3.9	0.057566890726613945
3.9666666666666663	0.06106549182446213
4.033333333333333	-0.06512699491613304
4.1	-0.07356207456105399
4.166666666666666	0.029957603652459915
4.233333333333333	-0.06909123119630745
4.3	-0.24672173909261774
4.366666666666666	-0.3361671582138995
4.433333333333334	-0.3213356483634549
4.5	-0.24604672905064592
4.566666666666666	-0.2604649831471041
4.633333333333333	-0.23643842374008156
4.7	-0.22696960113140213
4.766666666666667	-0.1982938464115559
4.833333333333333	-0.0707113804254634
4.8999999999999995	-0.027331896047606344
4.966666666666667	-0.01734214247899155
5.033333333333333	-0.1001491210852169
5.1	-0.12065265346104642
5.166666666666666	-0.15827546705140577
5.233333333333333	-0.19635296410668904
5.3	-0.22452114610967913
5.366666666666666	-0.2325363927440198
5.433333333333334	-0.2804942045554637
5.5	-0.2006799678292246
5.566666666666666	-0.14742337041561213
5.633333333333333	-0.22241849972586072
5.7	-0.37386393254432
5.766666666666667	-0.21901244598383132
5.833333333333333	-0.21474047020920406
5.8999999999999995	-0.16313206567585395
5.966666666666667	-0.030526331552035692
6.033333333333333	-0.14568246730056253
6.1	-0.2262056043110328
6.166666666666666	-0.17465147989610033
6.233333333333333	-0.15332360737953044
6.3	-0.21152615364755764
6.366666666666666	-0.19539564156973324
6.433333333333334	-0.22239834396233804
6.5	-0.21195232088090085
6.566666666666666	-0.2073261250108565
6.633333333333333	-0.10129394229166631
6.7	-0.051918472485959516
6.766666666666667	0.028196456361478467
6.833333333333333	-0.023324899974267687
6.8999999999999995	-0.04419186858955401
6.966666666666667	-0.051128134907687875
7.033333333333333	-0.09557489092116091
7.1	-0.2053331711053765
7.166666666666666	-0.1301500750327558
7.233333333333333	-0.14614625580175075
7.3	-0.06690686785303787
7.366666666666666	0.05816984386223604
7.433333333333333	0.07100855916916031
7.5	0.01539958955067243
7.566666666666666	-0.07698816851879854
7.633333333333333	-0.0982340800928096
7.7	-0.014908039055096375
7.766666666666667	0.0166060571313948
7.833333333333333	-0.03789536609466961
7.8999999999999995	0.06730261489469944
7.966666666666667	0.021847763288710447
8.033333333333333	0.010136925691135496
8.1	-0.10781504120554739
8.166666666666666	-0.20027994004049177
8.233333333333333	-0.14510189337365031
8.299999999999999	-0.17510511480842578
8.366666666666667	-0.18999374644927652
8.433333333333334	-0.16836868899173318
8.5	-0.08635256035078405
8.566666666666666	0.08131602212523667
8.633333333333333	0.06175198931369534
8.7	0.05460141550410045
8.766666666666666	0.005572243277408374
8.833333333333334	-0.0006009996164996718
8.9	-0.12486202807059758
8.966666666666667	-0.03195667752436811
9.033333333333333	-0.05933985226704112
9.1	-0.264599752550651
9.166666666666666	-0.22404735635930964
9.233333333333333	-0.14335398891413856
9.299999999999999	-0.11766533291393691
9.366666666666667	-0.014275284152251946
9.433333333333334	-0.2567100930734777
9.5	-0.16661989546434017
9.566666666666666	-0.23668824899264657
9.633333333333333	-0.34664353111183355
9.7	-0.23296627881008883
9.766666666666666	-0.3054254290146305
9.833333333333334	-0.18626725744791947
9.9	-0.17379461104121857
9.966666666666667	-0.13755823072696757
10.033333333333333	-0.47928503974073033
10.1	-0.5645968514113545
10.166666666666666	-0.7588809476649521
10.233333333333333	-0.6613702559958046
10.299999999999999	-0.6966782479459082
10.366666666666667	-0.6140619290482818
10.433333333333334	-0.7006532305903901
10.5	-0.6738998886587706
10.566666666666666	-0.5709592653835912
10.633333333333333	-0.5429263551550826
10.7	-0.33112771914028677
10.766666666666666	-0.29401111356455434
10.833333333333334	-0.30375658251343657
10.9	-0.5598191148749639
10.966666666666667	-0.3483134913024367
11.033333333333333	-0.2932320422061706
11.1	-0.38469819819914136
11.166666666666666	-0.26506117140709046
11.233333333333333	-0.05942939620479966
11.299999999999999	0.014076546770639952
11.366666666666667	-0.28453682686738796
11.433333333333334	-0.23869481829831743
11.5	-0.19037763665415278
11.566666666666666	-0.21118260738157255
11.633333333333333	-0.3069195669400299
11.7	-0.27415272048631706
11.766666666666666	-0.16593502975254687
11.833333333333334	-0.1655124579166039
11.9	-0.07973933572695478
11.966666666666667	-0.05328451073072254
12.033333333333333	0.21133159567508505
12.1	-0.05705208849579881
12.166666666666666	-0.1654299651744444
12.233333333333333	-0.16096965282541975
12.299999999999999	-0.0861001819096214
12.366666666666667	-0.17388461663877824
12.433333333333334	-0.22107730649844837
12.5	-0.07939296448944647
12.566666666666666	-0.25307933025774965
12.633333333333333	-0.12997235358845705
12.7	-0.16982190625815768
12.766666666666666	-0.2628874693809969
12.833333333333334	-0.06744103995005853
12.9	-0.19361327701799663
12.966666666666667	0.12913188255558766
13.033333333333333	0.13596257446684332
13.1	0.1768846134926613
13.166666666666666	0.22344026601248282
13.233333333333333	0.07021377892574278
13.299999999999999	0.05813023663811317
13.366666666666667	-0.10307215120135058
13.433333333333334	-0.07135858075870516
13.5	-0.12014159370442054
13.566666666666666	-0.1265922440733498
13.633333333333333	0.06999958292869606
13.7	0.1291715846737254
13.766666666666666	0.11660514387697798
13.833333333333332	0.24149951946542875
13.9	0.20164671883030577
13.966666666666667	0.14352695482632669
14.033333333333333	0.17824737735903287
14.1	-0.1206566017824586
14.166666666666666	-0.10833531620652903
14.233333333333333	-0.27444937502833916
14.299999999999999	-0.23657469650440607
14.366666666666667	-0.12936932681717578
14.433333333333334	-0.1313988885813881
14.5	-0.2853818589038462
14.566666666666666	-0.420156516249849
14.633333333333333	-0.4158802190085036
14.7	-0.2370583015563275
14.766666666666666	-0.19424868302167225
14.833333333333332	-0.22033664861562025
14.9	-0.16963677457394702
14.966666666666667	-0.23595831484356933
15.033333333333333	-0.07467206184933516
15.1	0.037707595528467704
15.166666666666666	-0.08114957408097766
15.233333333333333	-0.02188751802238632
15.299999999999999	0.07492908384804366
15.366666666666667	0.15364082377485877
15.433333333333334	0.14598085513870113
15.5	0.07564658529391975
15.566666666666666	0.26220198714467297
15.633333333333333	0.3702449321804793
15.7	0.43605269908287364
15.766666666666666	0.1821861443722326
15.833333333333332	0.1123469860941378
15.9	0.08012830693019184
15.966666666666667	0.16815485049344342
16.033333333333335	0.15675395544014617
16.1	0.25630927715370555
16.166666666666668	0.38000715456667755
16.233333333333334	0.26664630733929395
16.3	0.36453035127497535
16.366666666666667	0.1733518841474873
16.433333333333334	0.16265889449240872
16.5	0.3723981970603653
16.566666666666666	0.542153248394555
16.633333333333336	0.5384474962985636
16.700000000000003	0.4934911369663951
16.76666666666667	0.46410185909168944
16.833333333333336	0.2142321929070499
16.900000000000002	0.2899554671318302
16.96666666666667	0.26632722500772027
17.033333333333335	0.22136524319866188
17.1	0.16031232953750219
17.166666666666668	-0.18880809399944376
17.233333333333334	-0.09614039260614972
17.3	-0.14519464194148984
17.366666666666667	-0.3156184340966257
17.433333333333334	-0.2165794956421914
17.5	0.007001772689959257
17.566666666666666	0.10705668560544135
17.633333333333336	-0.2968720264034692
17.700000000000003	-0.18775829568022115
17.76666666666667	-0.17957482667033248
17.833333333333336	-0.1531708865555154
17.900000000000002	-0.03539659210695976
17.96666666666667	0.06393416666172554
18.033333333333335	0.1379340408489939
18.1	0.03838484489630702
18.166666666666668	0.24700251163471432
18.233333333333334	0.30859480943219886
18.3	0.2826905607351415
18.366666666666667	0.1506829019051899
18.433333333333334	0.09628660309349114
18.5	-0.15208170104343482
18.566666666666666	-0.048147473456531316
18.633333333333336	-0.022077544496124493
18.700000000000003	0.10808115262586412
18.76666666666667	0.16293737483392273
18.833333333333336	0.05013487745984712
18.900000000000002	0.015453274087871076
18.96666666666667	-0.07946079101043371
19.033333333333335	0.02474265695385504
19.1	0.0647565039491867
19.166666666666668	-0.02135023421144286
19.233333333333334	-0.05070863727995924
19.3	-0.10329236127632119
19.366666666666667	0.026068308103899127
19.433333333333334	-0.1748627737479479
19.5	-0.2822577072324929
19.566666666666666	-0.2459645504587149
19.633333333333336	-0.16658878039558447
19.700000000000003	-0.1881943086230025
19.76666666666667	-0.3480877270827718
19.833333333333336	-0.2535915038474108
19.900000000000002	-0.06271798913647784
19.96666666666667	-0.12348278332174813
