0.03333333333333333	-0.19068086955075467
0.1	0.12194994741224992
0.16666666666666666	0.04822041945394018
0.23333333333333334	-0.0650344579610648
0.3	0.24097790546384842
0.36666666666666664	0.1827049493105837
0.43333333333333335	0.0666593646108714
0.5	0.13994134011345186
0.5666666666666667	0.17629379486565902
0.6333333333333333	-0.20247977127113015
0.7	0.011911686968633773
0.7666666666666666	0.05169239079097452
0.8333333333333334	-0.08128221819294616
0.9	-0.037487214939585574
0.9666666666666667	0.2654794607188049
1.0333333333333334	-0.2725744621844663
1.1	0.10411997545772497
1.1666666666666667	-0.35745485516046777
1.2333333333333334	0.24827056493268582
1.3	0.08689124526798814
1.3666666666666667	0.011760015114588941
1.4333333333333333	-0.33857337667417237
1.5	0.017587860240467292
1.5666666666666667	-0.25484713260229835
1.6333333333333335	0.1892638763885419
1.7000000000000002	-0.2388779650529462
1.7666666666666668	-0.2782513128536118
1.8333333333333335	-0.01768329831901542
1.9000000000000001	-0.0824244274580885
1.9666666666666668	0.2331278588266221
2.033333333333333	0.0498367299649977
2.0999999999999996	-0.12337871824263091
2.1666666666666665	-0.22094278737289066
2.2333333333333334	0.08333458713957209
2.3	-0.07442527790194083
2.3666666666666667	-0.16736884974578697
2.433333333333333	0.015413102478578723
2.5	0.004839360714074399
2.5666666666666664	0.039020412040977656
2.6333333333333333	-0.146188537985651
2.6999999999999997	0.09103753720066095
2.7666666666666666	0.056306763754969055
2.833333333333333	0.12615861127315023
2.9	0.20934574253317648
2.9666666666666663	-0.10391995314980164
3.033333333333333	-0.03732957233638573
3.0999999999999996	0.41143422737649527
3.1666666666666665	-0.0768599007326143
3.2333333333333334	0.29492156557882426
3.3	0.1254869903269972
3.3666666666666667	-0.1994475907965304
3.433333333333333	0.2002330668026889
3.5	-0.046153875428171676
3.5666666666666664	0.20237639454804782
3.6333333333333333	0.1957985749428504
3.6999999999999997	0.005201867653650407
3.7666666666666666	0.13943148903098887
3.833333333333333	-0.09548920799944217
3.9	0.04144553462150226
3.9666666666666663	0.05359148965114312
4.033333333333333	0.15397530664910788
4.1	-0.10473403886375274
4.166666666666666	0.26513716850274494
4.233333333333333	0.17322399745630102
4.3	-0.08697876244469734
4.366666666666666	0.05698758554569966
4.433333333333334	-0.10462741668007328
4.5	0.12880513525476422
4.566666666666666	0.16910905833161646
4.633333333333333	0.1754653463082706
4.7	0.046921205357093605
4.766666666666667	-0.017934534062375343
4.833333333333333	-0.05860619117053123
4.8999999999999995	0.24284989205623422
4.966666666666667	0.031173378129645463
5.033333333333333	0.10818596862948356
5.1	-0.09419840331720547
5.166666666666666	0.07604559372622312
5.233333333333333	0.30310512599336054
5.3	-0.20937100953058008
5.366666666666666	0.27792766253792633
5.433333333333334	0.09759320117263993
5.5	-0.4007493216004421
5.566666666666666	0.14671327709663973
5.633333333333333	0.1489628908121588
5.7	0.32054449882003566
5.766666666666667	-0.020680909800962485
5.833333333333333	-0.027908343445469712
5.8999999999999995	-0.33205589552592707
5.966666666666667	0.4229121846195707
6.033333333333333	0.023967679039358855
6.1	0.23855363969869703
6.166666666666666	0.13998415519752
6.233333333333333	0.11193781832548207
6.3	-0.3702394873800299
6.366666666666666	0.160361743950673
6.433333333333334	-0.10683685282390366
6.5	0.3366628036018641
6.566666666666666	-0.18679671928657215
6.633333333333333	0.10508425478989383
6.7	-0.6610693515235347
6.766666666666667	-0.04981490553629258
6.833333333333333	-0.32690975945681494
6.8999999999999995	-0.18773974777848773
6.966666666666667	0.09412037877967357
7.033333333333333	-0.03461839452158361
7.1	-0.1349302123494341
7.166666666666666	-0.09681159189516864
7.233333333333333	-0.1554065803985258
7.3	0.1391428236526348
7.366666666666666	-0.09586063257035272
7.433333333333333	-0.22549061216058924
7.5	0.12780803614421746
7.566666666666666	-0.3268931540189027
7.633333333333333	-0.09391664207387368
7.7	-0.2640460846833264
7.766666666666667	0.04235010687394784
7.833333333333333	-0.25563349496200244
7.8999999999999995	-0.17340227750899323
7.966666666666667	0.26726349935926247
8.033333333333333	-0.06021000753006573
8.1	0.05576946087765126
8.166666666666666	-0.010125445680767745
8.233333333333333	0.2018132731716376
8.299999999999999	0.04471474557896096
8.366666666666667	-0.11213206589318547
8.433333333333334	-0.024049404121583635
8.5	0.08144698090540542
8.566666666666666	-0.17348177526928665
8.633333333333333	0.23007212493237997
8.7	0.08017344039212752
8.766666666666666	0.02810313374133894
8.833333333333334	-0.006737151150363311
8.9	0.09435240761659666
8.966666666666667	-0.22144003992896236
9.033333333333333	-0.1405353533477743
9.1	-0.2518391200335457
9.166666666666666	0.006175530309285468
9.233333333333333	0.09130974386551935
9.299999999999999	0.030081130033536078
9.366666666666667	-0.02548727745342163
9.433333333333334	-0.1424160628009112
9.5	0.13348536875427072
9.566666666666666	0.034808029161743456
9.633333333333333	-0.3453054261703107
9.7	0.14761424225117278
9.766666666666666	-0.04717885020614442
9.833333333333334	0.12782670705062366
9.9	0.08803208718909618
9.966666666666667	-0.004612984916049462
10.033333333333333	-0.3935546597671025
10.1	-0.028820392605377786
10.166666666666666	-0.04076693255593885
10.233333333333333	0.012211389635907954
10.299999999999999	0.22111735588659467
10.366666666666667	-0.24537345390259999
10.433333333333334	-0.32305107285311013
10.5	-0.04219571528142576
10.566666666666666	-0.4257470327055948
10.633333333333333	-0.131895486987832
10.7	0.03860596502724633
10.766666666666666	-0.19233687943915265
10.833333333333334	-0.005343391191260742
10.9	0.14765395927806174
10.966666666666667	0.31075217964476454
11.033333333333333	0.0775365233221626
11.1	0.015709288502574966
11.166666666666666	-0.21958974830726402
11.233333333333333	-0.2890603459026703
11.299999999999999	0.060160468519427586
11.366666666666667	-0.14680521766567653
11.433333333333334	0.06057706705104543
11.5	-0.3760489531253069
11.566666666666666	0.007924313519332296
11.633333333333333	0.005091835879214516
11.7	-0.0025855975219129033
11.766666666666666	-0.2759325062378632
11.833333333333334	0.65270411933475
11.9	-0.01242193990714082
11.966666666666667	-0.033692703485836716
12.033333333333333	0.19214698087491186
12.1	0.1242431371853098
12.166666666666666	-0.1138675978607388
12.233333333333333	0.3219092851480152
12.299999999999999	-0.3186028821230971
12.366666666666667	-0.045936345300285876
12.433333333333334	-0.10375072089133709
12.5	-0.0903770516674742
12.566666666666666	-0.20124481146586373
12.633333333333333	0.1290406892689944
12.7	-0.3356759319016176
12.766666666666666	-0.2772690289496239
12.833333333333334	0.27294966346010413
12.9	-0.07824476512864398
12.966666666666667	0.07595930094580304
13.033333333333333	0.05466568626619044
13.1	0.31915147737320076
13.166666666666666	0.10244479862988767
13.233333333333333	0.09043130066456244
13.299999999999999	-0.19991893476915715
13.366666666666667	-0.03519579205516386
13.433333333333334	-0.0914743698120982
13.5	0.05344298062849131
13.566666666666666	0.20541400459697243
13.633333333333333	0.07391472850304177
13.7	-0.39195749874546665
13.766666666666666	0.403343572938664
13.833333333333332	-0.15833771402051847
13.9	0.3076581897152492
13.966666666666667	0.07584233658737394
14.033333333333333	-0.1408189414327671
14.1	-0.44020789634489893
14.166666666666666	-0.0491964436829788
14.233333333333333	-0.08632115354050784
14.299999999999999	-0.21508616616179335
14.366666666666667	0.04186579479937741
14.433333333333334	0.054450670057800445
14.5	0.19864001585029437
14.566666666666666	-0.041241874181851566
14.633333333333333	-0.030705760233198244
14.7	0.22068820331720712
14.766666666666666	-0.1301738298345774
14.833333333333332	-0.15081682383908737
14.9	0.22095882720965718
14.966666666666667	-0.11058895067559643
15.033333333333333	-0.145353971708506
15.1	-0.1807744032893913
15.166666666666666	0.25750025422519063
15.233333333333333	-0.26751234566161447
15.299999999999999	0.16467188714326397
15.366666666666667	-0.23396656333185478
15.433333333333334	-0.19135942020824595
15.5	0.02595594783643686
15.566666666666666	0.22155583114422844
15.633333333333333	0.18781786178489382
15.7	-0.17951196550310036
15.766666666666666	-0.29342627890246126
15.833333333333332	0.2162901432987541
15.9	0.09760707222462024
15.966666666666667	0.08992523966296685
16.033333333333335	-0.2956839652452906
16.1	-0.2736104986929755
16.166666666666668	-0.05881778246436805
16.233333333333334	0.046329744803640695
16.3	-0.03222111005294009
16.366666666666667	0.11204718728120266
16.433333333333334	-0.013664574464966212
16.5	0.13777767525250162
16.566666666666666	0.17563849873832932
16.633333333333336	0.09332623213563435
16.700000000000003	-0.05411816800291836
16.76666666666667	0.07984534458504812
16.833333333333336	-0.23269561657765728
16.900000000000002	0.09749407117060441
16.96666666666667	-0.07241935859104691
17.033333333333335	-0.09766150592837883
17.1	0.2014585672866985
17.166666666666668	-0.09642578969137461
17.233333333333334	-0.034147724905138975
17.3	0.41006400650542313
17.366666666666667	-0.14058461557824223
17.433333333333334	-0.03333272115994932
17.5	-0.40031779819489194
17.566666666666666	-0.007856826066024582
17.633333333333336	-0.2545898050556873
17.700000000000003	-0.3149223452945065
17.76666666666667	-0.22908537547889188
17.833333333333336	-0.11588111954378467
17.900000000000002	0.42500086965262457
17.96666666666667	-0.17959162707450294
18.033333333333335	0.29656308214319
18.1	-0.057221265037674204
18.166666666666668	-0.09902796090509042
18.233333333333334	0.07553540159086944
18.3	-0.2781887169877387
18.366666666666667	0.10202505985440256
18.433333333333334	-0.4985747739807876
18.5	-0.3432803007448184
18.566666666666666	0.02706677493832787
18.633333333333336	0.10724632745083747
18.700000000000003	-0.1140936274093318
18.76666666666667	0.07004136484970065
18.833333333333336	0.25712414191087957
18.900000000000002	-0.11071200611711768
18.96666666666667	-0.23656788275702006
19.033333333333335	-0.23161215485116965
19.1	0.18462287110597506
19.166666666666668	0.21538646541018017
19.233333333333334	-0.2828007161425947
19.3	0.3238622823118702
19.366666666666667	0.025249436522812915
19.433333333333334	-0.09007317224783527
19.5	-0.06404777497326151
19.566666666666666	0.281878084165713
19.633333333333336	0.14932875322583708
19.700000000000003	0.05035325503727259
19.76666666666667	-0.21020025024067077
19.833333333333336	0.14004521703240377
19.900000000000002	0.11478290606867746
19.96666666666667	0.09546777098795828
