0.03333333333333333	-0.6182610889004865
0.1	-1.036659041536828
0.16666666666666666	-0.619419594715627
0.23333333333333334	-1.0573071883217025
0.3	-0.762583367818343
0.36666666666666664	-1.3947788519843973
0.43333333333333335	-1.3493738099401882
0.5	-1.1328020497803688
0.5666666666666667	-0.5865864544694716
0.6333333333333333	-0.846377735969668
0.7	-0.6824475427072751
0.7666666666666666	-0.7521529834066353
0.8333333333333334	-0.09214456717892332
0.9	-0.12961474173358514
0.9666666666666667	-0.29395239384183797
1.0333333333333334	-0.38386051773107155
1.1	-0.6540471678371007
1.1666666666666667	-0.49655456822527066
1.2333333333333334	-0.18715943816386008
1.3	-0.4523715394146982
1.3666666666666667	-0.46435479402006163
1.4333333333333333	-0.22124282613909063
1.5	-0.30364091797755505
1.5666666666666667	-0.4164810025386574
1.6333333333333335	-0.3781406237039417
1.7000000000000002	-0.10984356834389734
1.7666666666666668	-0.04340899199646356
1.8333333333333335	-0.33372949408976493
1.9000000000000001	-0.3473075684731799
1.9666666666666668	-0.22575859942890522
2.033333333333333	-0.1488104232050315
2.0999999999999996	-0.1556169041830459
2.1666666666666665	-0.0670124896017968
2.2333333333333334	-0.12548029706195712
2.3	-0.24829052803541912
2.3666666666666667	0.10100940027010682
2.433333333333333	0.23078385591143974
2.5	0.049732498307443036
2.5666666666666664	0.03406667549244302
2.6333333333333333	0.29967834293377205
2.6999999999999997	-0.30674757192514823
2.7666666666666666	-0.4811251526345787
2.833333333333333	-0.5369153330218389
2.9	-0.26886558632269764
2.9666666666666663	0.09672880909603651
3.033333333333333	0.2878640049720991
3.0999999999999996	-0.08680975300892545
3.1666666666666665	0.08465789250701436
3.2333333333333334	0.21463544524796216
3.3	-0.04042962939305522
3.3666666666666667	0.41397760322632465
3.433333333333333	-0.2881976072008859
3.5	0.05937609360609323
3.5666666666666664	0.11003097832541824
3.6333333333333333	0.12176211328056638
3.6999999999999997	0.2627498211822448
3.7666666666666666	0.3623614026486384
3.833333333333333	0.15512755021783417
3.9	0.48577185571521364
3.9666666666666663	0.8530840422455146
4.033333333333333	0.2142619261916219
4.1	0.017578470379183968
4.166666666666666	-0.044049516541650444
4.233333333333333	0.06755940917286958
4.3	0.2138932520647449
4.366666666666666	0.031633895732501485
4.433333333333334	-0.49124101931881287
4.5	0.1667444202928536
4.566666666666666	0.406006244168501
4.633333333333333	0.11346719409342029
4.7	0.4674385225279804
4.766666666666667	0.05897844768633117
4.833333333333333	-0.022243077142012603
4.8999999999999995	-0.03491269308638964
4.966666666666667	0.15382838218347925
5.033333333333333	-0.2623423844952043
5.1	-0.645950289611461
5.166666666666666	-0.053600438931708544
5.233333333333333	-0.023279593721284728
5.3	-0.22008008365880669
5.366666666666666	-0.431510392695557
5.433333333333334	-0.2547657360104731
5.5	-0.2211356786561614
5.566666666666666	-0.04462981514683536
5.633333333333333	0.07079166099367697
5.7	-0.1742489709184193
5.766666666666667	-0.17372900296489951
5.833333333333333	-0.19956971619288966
5.8999999999999995	-0.24498376713194636
5.966666666666667	-0.1228799881610461
6.033333333333333	0.13687077562022648
6.1	-0.00923400854653151
6.166666666666666	0.30216715655058535
6.233333333333333	0.3656028539879423
6.3	0.12283324455159676
6.366666666666666	0.46388401769530263
6.433333333333334	0.6083777973378226
6.5	0.38790277530802764
6.566666666666666	0.4207103736448819
6.633333333333333	0.5040750199329573
6.7	0.4724976114351533
6.766666666666667	0.3394581840911046
6.833333333333333	0.12303363667938644
6.8999999999999995	-0.23375234255744679
6.966666666666667	-0.1556990614781076
7.033333333333333	-0.022329031708788517
7.1	0.13178353957214706
7.166666666666666	-0.1927938966605043
7.233333333333333	-0.2498524701833437
7.3	-0.2867679010885634
7.366666666666666	-0.007645485438153818
7.433333333333333	0.23192867061299932
7.5	0.03623200132206536
7.566666666666666	-0.04913237606069319
7.633333333333333	-0.29006500734953616
7.7	-0.40961873653591413
7.766666666666667	-0.3798825283119533
7.833333333333333	-0.21555147794182936
7.8999999999999995	-0.0833872791251618
7.966666666666667	0.17167726509314565
8.033333333333333	-0.0472172866631574
8.1	0.02410617051867673
8.166666666666666	-0.07565246931864114
8.233333333333333	-0.1557605868922029
8.299999999999999	-0.4810422894220233
8.366666666666667	-0.4294954001550001
8.433333333333334	-0.8789176683836171
8.5	-0.864686229322091
8.566666666666666	-0.42274331694541684
8.633333333333333	-0.5147394283295476
8.7	-0.6145868482949525
8.766666666666666	-0.6252988917348559
8.833333333333334	-0.9549611478742068
8.9	-1.0151166101172004
8.966666666666667	-1.0294320998334583
9.033333333333333	-1.16242229219376
9.1	-1.366939740202583
9.166666666666666	-1.304455043689109
9.233333333333333	-1.0519845037463027
9.299999999999999	-0.6214070750769234
9.366666666666667	-1.2230514342846532
9.433333333333334	-1.4412133094543083
9.5	-1.2874433893857147
9.566666666666666	-1.7173838037183777
9.633333333333333	-1.7801028543786057
9.7	-1.668158121692377
9.766666666666666	-1.262565100397082
9.833333333333334	-1.4244262717897271
9.9	-1.5366686433563552
9.966666666666667	-0.9584684343474824
10.033333333333333	-0.23549344377805037
10.1	-0.23529323741187264
10.166666666666666	-0.2626360499121984
10.233333333333333	-0.1176321402701101
10.299999999999999	-0.1722404834228042
10.366666666666667	-0.14452906868202012
10.433333333333334	0.5316887754126286
10.5	0.7440440403659481
10.566666666666666	0.6171423226667311
10.633333333333333	0.4391128700820742
10.7	0.9614819219385807
10.766666666666666	0.7958691299018299
10.833333333333334	0.3001898289762131
10.9	0.4881126606167578
10.966666666666667	0.5293898784075016
11.033333333333333	0.6429762313317051
11.1	1.3058128913955926
11.166666666666666	0.8184230166410047
11.233333333333333	0.6727485275520214
11.299999999999999	1.2166319804842463
11.366666666666667	1.1761022857223766
11.433333333333334	1.1761082621554195
11.5	1.047835491058555
11.566666666666666	0.44972594818163386
11.633333333333333	0.20474506273217255
11.7	0.045412519115574784
11.766666666666666	0.6139934810391133
11.833333333333334	0.23777093460537593
11.9	0.0692718198377493
11.966666666666667	0.566372463370881
12.033333333333333	0.34131418553718307
12.1	-0.26572527271830326
12.166666666666666	0.1853051161046824
12.233333333333333	0.5028850959697412
12.299999999999999	0.345150462668223
12.366666666666667	0.3094287538368349
12.433333333333334	0.6484830880372432
12.5	0.1251138553940104
12.566666666666666	-0.015352018081254287
12.633333333333333	0.27042558597398236
12.7	0.7491372553221549
12.766666666666666	0.44335114009444426
12.833333333333334	0.6965256599250926
12.9	0.5011810503861364
12.966666666666667	0.7435694535753379
13.033333333333333	0.78296373020109
13.1	0.3374213645792112
13.166666666666666	0.060515700157954
13.233333333333333	0.37661681838059863
13.299999999999999	0.19361251813957983
13.366666666666667	0.23311005087797282
13.433333333333334	0.23942137317217427
13.5	-0.07315272900860717
13.566666666666666	0.09146105268288636
13.633333333333333	0.014550112968269201
13.7	0.23980382023455335
13.766666666666666	0.19376555859198513
13.833333333333332	0.22638875338878706
13.9	0.5495044225845964
13.966666666666667	0.5126485249999225
14.033333333333333	0.024474610425977976
14.1	0.2097562115027168
14.166666666666666	0.272712641679137
14.233333333333333	0.8790383403604333
14.299999999999999	-0.083318756902508
14.366666666666667	-0.17528049656477948
14.433333333333334	0.5745787834751782
14.5	0.27690766710107867
14.566666666666666	0.3680491670915251
14.633333333333333	0.8060894732304386
14.7	0.3070511722374444
14.766666666666666	0.08917514167596734
14.833333333333332	-0.18164954747488646
14.9	-0.12366949672809109
14.966666666666667	0.06449051363427025
15.033333333333333	0.4228666531614783
15.1	0.09413217256563339
15.166666666666666	0.33077150541679406
15.233333333333333	0.282559283338099
15.299999999999999	0.14470852700190026
15.366666666666667	0.5520528168615859
15.433333333333334	0.5307941273263254
15.5	0.6656984397500328
15.566666666666666	0.4482715414627407
15.633333333333333	0.5519482223246935
15.7	0.18065564120673389
15.766666666666666	0.34637653170016997
15.833333333333332	-0.11297401919866576
15.9	-0.18431171252063183
15.966666666666667	-0.2033821106771418
16.033333333333335	-0.3903384809803379
16.1	-0.5372973588448867
16.166666666666668	-0.19786508142898498
16.233333333333334	0.06440388133157869
16.3	0.1894914457906634
16.366666666666667	0.15072247762365126
16.433333333333334	-0.03708197225073624
16.5	-0.6034127272358251
16.566666666666666	-0.44997347754529426
16.633333333333336	-0.3112635058367095
16.700000000000003	-0.03890327172408717
16.76666666666667	0.5243616015235214
16.833333333333336	0.9671906796088681
16.900000000000002	0.7709739759336801
16.96666666666667	0.5437061215211533
17.033333333333335	0.3600129596236906
17.1	0.07582828189566142
17.166666666666668	0.7003311457520723
17.233333333333334	0.906359956332703
17.3	0.45744842667032987
17.366666666666667	0.5663687885311264
17.433333333333334	0.48322433088682193
17.5	0.15069307808623147
17.566666666666666	-0.3837210868586391
17.633333333333336	0.23565897061385338
17.700000000000003	0.47678550454667207
17.76666666666667	0.6462190476247571
17.833333333333336	0.6669096524096791
17.900000000000002	0.21232853698334392
17.96666666666667	0.11105234295350375
18.033333333333335	0.3393902573239082
18.1	-0.17609405669827366
18.166666666666668	0.28298605848419717
18.233333333333334	0.30259582415187436
18.3	0.06695575524893624
18.366666666666667	-0.2162961174565931
18.433333333333334	-0.34921188432288286
18.5	0.224646154014902
18.566666666666666	0.4485417621314859
18.633333333333336	0.6246250375117421
18.700000000000003	0.4732592147264033
18.76666666666667	0.1498729984662982
18.833333333333336	0.470650813066449
18.900000000000002	0.24806229942302685
18.96666666666667	0.4304118621840653
19.033333333333335	0.33107780878795956
19.1	0.37440622286830116
19.166666666666668	0.7579388890728005
19.233333333333334	0.37707271958455246
19.3	0.48616405379850497
19.366666666666667	0.2587546901285392
19.433333333333334	0.4720199423112471
19.5	0.34506187144373546
19.566666666666666	0.787150494563135
19.633333333333336	0.7321418647586911
19.700000000000003	0.5009852711919457
19.76666666666667	0.1382724306538104
19.833333333333336	0.03695083285606838
19.900000000000002	-0.3500137431799862
19.96666666666667	-0.3489800187065066
