-9.980000 0.002111 2.970597 0.148217
-9.940000 -0.006541 2.489952 0.125317
-9.900000 -0.014339 2.136399 0.108374
-9.860000 -0.020564 1.848553 0.094368
-9.820000 -0.026482 1.627252 0.083576
-9.780000 -0.031296 1.435906 0.074115
-9.740000 -0.036080 1.261851 0.065454
-9.700000 -0.040166 1.117599 0.058218
-9.660000 -0.043301 0.996281 0.052069
-9.620000 -0.046686 0.891852 0.046776
-9.580000 -0.049078 0.810614 0.042623
-9.540000 -0.051468 0.723572 0.038142
-9.500000 -0.054369 0.649683 0.034352
-9.460000 -0.056316 0.591103 0.031319
-9.420000 -0.058409 0.531403 0.028218
-9.380000 -0.059472 0.471283 0.025054
-9.340000 -0.060808 0.426160 0.022688
-9.300000 -0.061864 0.396674 0.021142
-9.260000 -0.062938 0.359813 0.019199
-9.220000 -0.064708 0.336200 0.017973
-9.180000 -0.065855 0.309193 0.016550
-9.140000 -0.066214 0.287674 0.015404
-9.100000 -0.067402 0.264499 0.014181
-9.060000 -0.068536 0.243966 0.013096
-9.020000 -0.068899 0.209097 0.011228
-8.980000 -0.069970 0.191203 0.010279
-8.940000 -0.070708 0.168803 0.009082
-8.900000 -0.072152 0.160991 0.008675
-8.860000 -0.072431 0.144430 0.007785
-8.820000 -0.072657 0.134530 0.007254
-8.780000 -0.073364 0.119633 0.006455
-8.740000 -0.074072 0.105526 0.005698
-8.700000 -0.074010 0.107662 0.005813
-8.660000 -0.074191 0.094359 0.005096
-8.620000 -0.074632 0.084151 0.004547
-8.580000 -0.074567 0.094047 0.005081
-8.540000 -0.074318 0.088228 0.004766
-8.500000 -0.074900 0.087941 0.004753
-8.460000 -0.075343 0.070150 0.003793
-8.420000 -0.075880 0.068792 0.003722
-8.380000 -0.076460 0.059562 0.003225
-8.340000 -0.076685 0.046873 0.002538
-8.300000 -0.077090 0.059055 0.003199
-8.260000 -0.077430 0.050772 0.002752
-8.220000 -0.077377 0.053643 0.002907
-8.180000 -0.077385 0.049853 0.002702
-8.140000 -0.077556 0.046534 0.002522
-8.100000 -0.078014 0.031015 0.001682
-8.060000 -0.078093 0.024130 0.001309
-8.020000 -0.078101 0.023293 0.001263
-7.980000 -0.078145 0.027773 0.001506
-7.940000 -0.078738 0.013903 0.000755
-7.900000 -0.078600 0.021570 0.001170
-7.860000 -0.078927 0.015327 0.000832
-7.820000 -0.079410 0.010005 0.000543
-7.780000 -0.079585 0.009812 0.000533
-7.740000 -0.079739 0.006559 0.000356
-7.700000 -0.079423 0.007517 0.000408
-7.660000 -0.079682 0.011705 0.000636
-7.620000 -0.079588 0.004822 0.000262
-7.580000 -0.079388 0.001340 0.000073
-7.540000 -0.080038 -0.000062 -0.000003
-7.500000 -0.079318 -0.004498 -0.000244
-7.460000 -0.079537 -0.002409 -0.000131
-7.420000 -0.079409 -0.002326 -0.000126
-7.380000 -0.079080 -0.000461 -0.000025
-7.340000 -0.079617 0.001356 0.000074
-7.300000 -0.079818 -0.006572 -0.000357
-7.260000 -0.079988 -0.006685 -0.000363
-7.220000 -0.079368 -0.000806 -0.000044
-7.180000 -0.079475 0.003614 0.000196
-7.140000 -0.079008 0.011723 0.000636
-7.100000 -0.079098 -0.001427 -0.000077
-7.060000 -0.079641 0.008452 0.000459
-7.020000 -0.079407 0.010763 0.000585
-6.980000 -0.079082 0.002548 0.000138
-6.940000 -0.078920 0.007372 0.000400
-6.900000 -0.079292 0.011590 0.000629
-6.860000 -0.079172 0.012968 0.000704
-6.820000 -0.079081 0.001964 0.000107
-6.780000 -0.079372 0.005870 0.000319
-6.740000 -0.079010 0.006309 0.000342
-6.700000 -0.078907 0.007961 0.000432
-6.660000 -0.079516 0.007871 0.000428
-6.620000 -0.079345 0.010663 0.000579
-6.580000 -0.079357 0.010409 0.000565
-6.540000 -0.079335 0.014822 0.000805
-6.500000 -0.079593 0.008500 0.000462
-6.460000 -0.080257 0.007834 0.000426
-6.420000 -0.080261 0.002750 0.000149
-6.380000 -0.079991 -0.002988 -0.000162
-6.340000 -0.079840 0.009950 0.000541
-6.300000 -0.080049 0.002731 0.000148
-6.260000 -0.080410 0.012391 0.000674
-6.220000 -0.080256 0.003140 0.000171
-6.180000 -0.080107 -0.000043 -0.000002
-6.140000 -0.080211 -0.003888 -0.000211
-6.100000 -0.079749 -0.005271 -0.000286
-6.060000 -0.079283 -0.006591 -0.000358
-6.020000 -0.079479 -0.011945 -0.000649
-5.980000 -0.079575 -0.016695 -0.000907
-5.940000 -0.079431 -0.006089 -0.000331
-5.900000 -0.079396 -0.000620 -0.000034
-5.860000 -0.079620 -0.002401 -0.000130
-5.820000 -0.079532 -0.006387 -0.000347
-5.780000 -0.079948 -0.005745 -0.000312
-5.740000 -0.080194 0.000453 0.000025
-5.700000 -0.080270 -0.007879 -0.000428
-5.660000 -0.080791 -0.013102 -0.000713
-5.620000 -0.081235 -0.008630 -0.000470
-5.580000 -0.080814 -0.018941 -0.001030
-5.540000 -0.080851 -0.014372 -0.000782
-5.500000 -0.080445 -0.011381 -0.000619
-5.460000 -0.080803 -0.002794 -0.000152
-5.420000 -0.080098 0.013161 0.000715
-5.380000 -0.080174 0.013644 0.000742
-5.340000 -0.080059 0.005475 0.000298
-5.300000 -0.080473 0.003893 0.000212
-5.260000 -0.080329 0.001136 0.000062
-5.220000 -0.080535 0.008240 0.000448
-5.180000 -0.080944 -0.012503 -0.000680
-5.140000 -0.080684 -0.005288 -0.000288
-5.100000 -0.080658 -0.008044 -0.000437
-5.060000 -0.080391 -0.005496 -0.000299
-5.020000 -0.080951 -0.000280 -0.000015
-4.980000 -0.080828 0.000124 0.000007
-4.940000 -0.080530 0.000586 0.000032
-4.900000 -0.080200 0.000505 0.000027
-4.860000 -0.080153 0.006735 0.000366
-4.820000 -0.080172 -0.000117 -0.000006
-4.780000 -0.080530 0.010709 0.000582
-4.740000 -0.079824 0.010522 0.000572
-4.700000 -0.080456 0.014719 0.000800
-4.660000 -0.079958 0.009928 0.000540
-4.620000 -0.079906 -0.000973 -0.000053
-4.580000 -0.080019 -0.012660 -0.000688
-4.540000 -0.080225 -0.005892 -0.000320
-4.500000 -0.080906 -0.002934 -0.000160
-4.460000 -0.080348 0.004172 0.000227
-4.420000 -0.079782 0.010141 0.000551
-4.380000 -0.080242 -0.005538 -0.000301
-4.340000 -0.080320 -0.012779 -0.000695
-4.300000 -0.080375 -0.007176 -0.000390
-4.260000 -0.080545 -0.009156 -0.000498
-4.220000 -0.080327 -0.004798 -0.000261
-4.180000 -0.080414 -0.002292 -0.000125
-4.140000 -0.080051 0.001370 0.000074
-4.100000 -0.079555 0.003092 0.000168
-4.060000 -0.079377 0.006007 0.000326
-4.020000 -0.079762 0.009639 0.000524
-3.980000 -0.079697 0.008354 0.000454
-3.940000 -0.080033 0.011045 0.000600
-3.900000 -0.080116 -0.005865 -0.000319
-3.860000 -0.079565 0.016475 0.000895
-3.820000 -0.079661 0.009872 0.000536
-3.780000 -0.079773 0.014359 0.000780
-3.740000 -0.079576 0.005156 0.000280
-3.700000 -0.079508 -0.002139 -0.000116
-3.660000 -0.079641 0.012203 0.000663
-3.620000 -0.079587 -0.000655 -0.000036
-3.580000 -0.079956 -0.005056 -0.000275
-3.540000 -0.079918 -0.027191 -0.001478
-3.500000 -0.079409 -0.009835 -0.000534
-3.460000 -0.079361 -0.005031 -0.000273
-3.420000 -0.079375 0.001561 0.000085
-3.380000 -0.079455 -0.015194 -0.000825
-3.340000 -0.079625 -0.009083 -0.000493
-3.300000 -0.079602 -0.005736 -0.000312
-3.260000 -0.079738 -0.003653 -0.000199
-3.220000 -0.079850 -0.023676 -0.001287
-3.180000 -0.079813 -0.018451 -0.001003
-3.140000 -0.079599 -0.007473 -0.000406
-3.100000 -0.079612 0.010141 0.000551
-3.060000 -0.079116 0.008208 0.000446
-3.020000 -0.079203 0.001456 0.000079
-2.980000 -0.079406 0.003632 0.000197
-2.940000 -0.079717 -0.000982 -0.000053
-2.900000 -0.079127 0.004917 0.000267
-2.860000 -0.079012 0.007022 0.000381
-2.820000 -0.078994 -0.001203 -0.000065
-2.780000 -0.078943 -0.003415 -0.000185
-2.740000 -0.078940 -0.002415 -0.000131
-2.700000 -0.078537 -0.003202 -0.000174
-2.660000 -0.078451 0.001473 0.000080
-2.620000 -0.078366 0.009551 0.000518
-2.580000 -0.078434 0.004680 0.000254
-2.540000 -0.078115 0.008084 0.000438
-2.500000 -0.077819 0.001387 0.000075
-2.460000 -0.078014 0.014411 0.000782
-2.420000 -0.077771 0.019151 0.001038
-2.380000 -0.077936 0.021069 0.001142
-2.340000 -0.078107 0.016857 0.000914
-2.300000 -0.078533 0.017581 0.000954
-2.260000 -0.078180 0.018349 0.000995
-2.220000 -0.077581 0.021381 0.001159
-2.180000 -0.077655 0.013570 0.000736
-2.140000 -0.077838 0.019946 0.001082
-2.100000 -0.077345 0.011360 0.000616
-2.060000 -0.077594 0.006022 0.000326
-2.020000 -0.077652 0.014888 0.000807
-1.980000 -0.077671 0.023411 0.001269
-1.940000 -0.077171 0.025947 0.001406
-1.900000 -0.076702 0.026590 0.001440
-1.860000 -0.076767 0.026362 0.001428
-1.820000 -0.076500 0.034031 0.001842
-1.780000 -0.076274 0.035733 0.001934
-1.740000 -0.076003 0.042354 0.002292
-1.700000 -0.075585 0.047405 0.002564
-1.660000 -0.075963 0.052043 0.002816
-1.620000 -0.075297 0.054199 0.002931
-1.580000 -0.075333 0.059639 0.003225
-1.540000 -0.074895 0.067337 0.003639
-1.500000 -0.074797 0.068949 0.003726
-1.460000 -0.074807 0.075816 0.004097
-1.420000 -0.074064 0.080527 0.004348
-1.380000 -0.073616 0.080658 0.004353
-1.340000 -0.072532 0.101040 0.005447
-1.300000 -0.072910 0.098892 0.005333
-1.260000 -0.072941 0.114785 0.006191
-1.220000 -0.072722 0.123440 0.006656
-1.180000 -0.072024 0.129939 0.007001
-1.140000 -0.071088 0.145422 0.007828
-1.100000 -0.070512 0.159902 0.008602
-1.060000 -0.069901 0.176976 0.009514
-1.020000 -0.068500 0.194545 0.010443
-0.980000 -0.068096 0.216896 0.011637
-0.940000 -0.067519 0.229909 0.012328
-0.900000 -0.067418 0.248642 0.013331
-0.860000 -0.065890 0.276141 0.014781
-0.820000 -0.064219 0.312209 0.016682
-0.780000 -0.063685 0.335291 0.017905
-0.740000 -0.062099 0.366614 0.019544
-0.700000 -0.061347 0.409724 0.021825
-0.660000 -0.060443 0.454147 0.024168
-0.620000 -0.058551 0.498509 0.026476
-0.580000 -0.056683 0.547133 0.029000
-0.540000 -0.054796 0.605246 0.032017
-0.500000 -0.053436 0.662385 0.034989
-0.460000 -0.051311 0.727396 0.038337
-0.420000 -0.048564 0.803663 0.042234
-0.380000 -0.045986 0.889941 0.046642
-0.340000 -0.042536 1.009083 0.052696
-0.300000 -0.038953 1.135352 0.059069
-0.260000 -0.035529 1.275123 0.066105
-0.220000 -0.030993 1.437235 0.074160
-0.180000 -0.026037 1.620714 0.083202
-0.140000 -0.020629 1.846953 0.094293
-0.100000 -0.014197 2.134349 0.108254
-0.060000 -0.006800 2.490068 0.125356
-0.020000 0.002507 2.973008 0.148279
0.020000 0.009742 -2.553065 -0.126422
0.060000 0.015508 -2.203907 -0.108513
0.100000 0.020833 -1.955124 -0.095761
0.140000 0.025453 -1.737095 -0.084699
0.180000 0.030114 -1.564966 -0.075961
0.220000 0.034256 -1.397460 -0.067559
0.260000 0.036599 -1.257173 -0.060639
0.300000 0.039959 -1.141865 -0.054900
0.340000 0.042807 -1.036091 -0.049678
0.380000 0.045353 -0.948402 -0.045363
0.420000 0.047939 -0.852260 -0.040664
0.460000 0.049715 -0.758619 -0.036135
0.500000 0.052085 -0.699840 -0.033260
0.540000 0.054177 -0.645103 -0.030597
0.580000 0.055926 -0.585728 -0.027735
0.620000 0.058276 -0.546472 -0.025819
0.660000 0.059185 -0.508027 -0.023982
0.700000 0.060701 -0.453597 -0.021382
0.740000 0.061842 -0.423899 -0.019961
0.780000 0.063085 -0.379951 -0.017870
0.820000 0.064674 -0.351397 -0.016503
0.860000 0.065908 -0.315552 -0.014802
0.900000 0.066795 -0.286490 -0.013428
0.940000 0.067555 -0.252436 -0.011823
0.980000 0.068292 -0.228582 -0.010698
1.020000 0.068361 -0.219568 -0.010276
1.060000 0.069562 -0.198378 -0.009274
1.100000 0.069850 -0.182073 -0.008509
1.140000 0.070963 -0.171993 -0.008030
1.180000 0.071247 -0.166987 -0.007794
1.220000 0.072291 -0.152535 -0.007113
1.260000 0.072231 -0.138665 -0.006466
1.300000 0.072956 -0.129679 -0.006043
1.340000 0.073708 -0.124251 -0.005786
1.380000 0.074305 -0.111695 -0.005198
1.420000 0.074655 -0.099903 -0.004648
1.460000 0.074407 -0.091652 -0.004265
1.500000 0.074845 -0.095700 -0.004452
1.540000 0.075530 -0.078066 -0.003629
1.580000 0.076075 -0.057062 -0.002651
1.620000 0.076136 -0.045804 -0.002128
1.660000 0.076334 -0.051897 -0.002411
1.700000 0.076482 -0.050374 -0.002340
1.740000 0.077017 -0.039976 -0.001856
1.780000 0.077195 -0.045454 -0.002110
1.820000 0.077046 -0.057402 -0.002665
1.860000 0.076872 -0.062520 -0.002903
1.900000 0.076797 -0.051683 -0.002400
1.940000 0.077661 -0.048897 -0.002269
1.980000 0.077703 -0.040287 -0.001869
2.020000 0.078826 -0.039083 -0.001811
2.060000 0.078774 -0.031651 -0.001467
2.100000 0.078437 -0.022451 -0.001041
2.140000 0.079240 -0.022253 -0.001031
2.180000 0.078882 -0.024845 -0.001151
2.220000 0.078941 -0.019067 -0.000884
2.260000 0.078865 -0.034297 -0.001590
2.300000 0.079208 -0.031382 -0.001454
2.340000 0.078961 -0.026480 -0.001227
2.380000 0.079008 -0.022006 -0.001020
2.420000 0.079105 -0.022236 -0.001030
2.460000 0.079468 -0.025498 -0.001181
2.500000 0.079585 -0.025293 -0.001171
2.540000 0.080100 -0.007086 -0.000328
2.580000 0.079686 0.000640 0.000030
2.620000 0.079604 0.004657 0.000216
2.660000 0.080218 0.005827 0.000270
2.700000 0.079910 -0.005946 -0.000275
2.740000 0.079456 -0.014477 -0.000671
2.780000 0.078915 -0.001426 -0.000066
2.820000 0.079183 -0.002768 -0.000128
2.860000 0.079079 -0.007915 -0.000367
2.900000 0.078974 0.002787 0.000129
2.940000 0.079415 -0.000141 -0.000007
2.980000 0.080001 0.004059 0.000188
3.020000 0.080451 -0.011788 -0.000546
3.060000 0.079615 -0.010353 -0.000479
3.100000 0.079478 -0.009977 -0.000462
3.140000 0.079562 -0.010338 -0.000479
3.180000 0.079432 -0.006573 -0.000304
3.220000 0.080201 -0.006617 -0.000306
3.260000 0.079645 -0.015732 -0.000729
3.300000 0.079359 -0.024446 -0.001132
3.340000 0.079038 -0.027743 -0.001286
3.380000 0.078757 -0.030517 -0.001414
3.420000 0.079042 -0.029264 -0.001356
3.460000 0.078537 -0.023943 -0.001110
3.500000 0.078905 -0.015795 -0.000732
3.540000 0.078864 -0.016357 -0.000758
3.580000 0.079361 -0.000657 -0.000030
3.620000 0.079520 0.003593 0.000166
3.660000 0.079700 0.005993 0.000278
3.700000 0.079908 -0.008405 -0.000389
3.740000 0.079969 -0.003034 -0.000140
3.780000 0.079793 -0.012748 -0.000590
3.820000 0.079639 -0.002836 -0.000131
3.860000 0.079373 -0.004324 -0.000200
3.900000 0.079185 -0.010696 -0.000496
3.940000 0.079278 -0.010302 -0.000477
3.980000 0.079541 -0.014594 -0.000676
4.020000 0.079546 -0.010883 -0.000504
4.060000 0.079444 -0.015870 -0.000735
4.100000 0.079700 -0.008816 -0.000408
4.140000 0.080072 -0.008393 -0.000389
4.180000 0.080072 0.000161 0.000007
4.220000 0.079391 -0.010257 -0.000475
4.260000 0.079411 0.001677 0.000078
4.300000 0.078951 0.000653 0.000030
4.340000 0.079363 -0.003530 -0.000164
4.380000 0.079671 -0.003443 -0.000159
4.420000 0.079826 0.001133 0.000052
4.460000 0.079589 0.011828 0.000548
4.500000 0.079829 0.011620 0.000538
4.540000 0.080058 0.014936 0.000691
4.580000 0.080408 0.013252 0.000613
4.620000 0.080216 0.009970 0.000461
4.660000 0.080306 0.013982 0.000647
4.700000 0.080329 0.007936 0.000367
4.740000 0.080489 0.012945 0.000599
4.780000 0.080892 0.001244 0.000058
4.820000 0.081273 0.009198 0.000425
4.860000 0.081095 0.011130 0.000515
4.900000 0.080995 0.018882 0.000873
4.940000 0.080977 0.014704 0.000680
4.980000 0.080842 0.018751 0.000867
5.020000 0.080870 0.012017 0.000556
5.060000 0.081183 0.003340 0.000154
5.100000 0.080967 0.000838 0.000039
5.140000 0.080973 -0.005542 -0.000256
5.180000 0.080974 0.002062 0.000095
5.220000 0.081231 0.001985 0.000092
5.260000 0.080715 -0.002696 -0.000125
5.300000 0.080819 0.002806 0.000130
5.340000 0.080948 0.003163 0.000146
5.380000 0.081234 -0.003740 -0.000173
5.420000 0.081208 0.006180 0.000286
5.460000 0.081161 0.010915 0.000505
5.500000 0.080906 0.004062 0.000188
5.540000 0.081167 0.004257 0.000197
5.580000 0.080311 0.004480 0.000207
5.620000 0.080385 0.004959 0.000229
5.660000 0.081060 0.003030 0.000140
5.700000 0.080552 -0.001988 -0.000092
5.740000 0.080707 -0.003051 -0.000141
5.780000 0.081150 -0.007011 -0.000324
5.820000 0.080661 -0.006342 -0.000293
5.860000 0.080041 0.005753 0.000266
5.900000 0.079894 -0.000540 -0.000025
5.940000 0.079491 -0.010554 -0.000489
5.980000 0.080199 -0.002367 -0.000110
6.020000 0.080275 -0.012096 -0.000560
6.060000 0.079935 -0.016833 -0.000779
6.100000 0.079708 -0.012233 -0.000567
6.140000 0.079826 -0.003679 -0.000170
6.180000 0.079510 -0.005636 -0.000261
6.220000 0.079122 -0.001584 -0.000073
6.260000 0.079525 0.007775 0.000360
6.300000 0.079763 -0.004449 -0.000206
6.340000 0.078922 -0.008674 -0.000402
6.380000 0.079259 -0.003248 -0.000150
6.420000 0.079332 -0.000991 -0.000046
6.460000 0.078549 -0.007816 -0.000362
6.500000 0.078665 -0.003717 -0.000172
6.540000 0.078867 -0.000196 -0.000009
6.580000 0.078616 -0.016100 -0.000746
6.620000 0.079249 -0.001802 -0.000083
6.660000 0.079548 -0.008350 -0.000387
6.700000 0.078568 -0.007779 -0.000361
6.740000 0.078776 0.006066 0.000281
6.780000 0.078702 -0.009224 -0.000428
6.820000 0.078790 -0.007949 -0.000368
6.860000 0.078578 -0.002928 -0.000136
6.900000 0.078272 -0.008668 -0.000402
6.940000 0.078036 -0.007184 -0.000333
6.980000 0.078730 -0.006350 -0.000294
7.020000 0.078863 -0.015849 -0.000735
7.060000 0.078611 -0.013886 -0.000644
7.100000 0.078310 -0.012566 -0.000583
7.140000 0.077910 -0.020686 -0.000960
7.180000 0.077738 -0.024964 -0.001158
7.220000 0.078054 -0.021226 -0.000984
7.260000 0.078029 -0.030071 -0.001395
7.300000 0.077249 -0.019866 -0.000922
7.340000 0.077318 -0.009782 -0.000454
7.380000 0.077239 -0.013088 -0.000607
7.420000 0.077792 -0.014955 -0.000694
7.460000 0.077363 -0.021101 -0.000979
7.500000 0.077326 -0.014382 -0.000667
7.540000 0.077051 -0.027719 -0.001287
7.580000 0.077348 -0.025843 -0.001199
7.620000 0.077610 -0.021715 -0.001008
7.660000 0.077782 -0.018447 -0.000856
7.700000 0.077708 -0.023155 -0.001074
7.740000 0.077509 -0.022478 -0.001043
7.780000 0.077250 -0.025392 -0.001179
7.820000 0.077148 -0.030329 -0.001408
7.860000 0.077341 -0.026854 -0.001246
7.900000 0.078103 -0.033332 -0.001546
7.940000 0.076904 -0.042642 -0.001980
7.980000 0.076770 -0.043347 -0.002013
8.020000 0.076842 -0.046031 -0.002137
8.060000 0.076878 -0.050173 -0.002330
8.100000 0.076840 -0.047874 -0.002223
8.140000 0.077060 -0.057871 -0.002687
8.180000 0.076187 -0.072744 -0.003380
8.220000 0.076174 -0.070569 -0.003279
8.260000 0.076429 -0.076866 -0.003570
8.300000 0.076292 -0.063761 -0.002962
8.340000 0.075861 -0.068331 -0.003176
8.380000 0.076102 -0.068650 -0.003190
8.420000 0.075020 -0.075098 -0.003493
8.460000 0.074838 -0.085585 -0.003981
8.500000 0.074777 -0.092971 -0.004325
8.540000 0.074474 -0.100186 -0.004662
8.580000 0.074160 -0.103887 -0.004836
8.620000 0.073627 -0.112351 -0.005232
8.660000 0.073564 -0.122374 -0.005699
8.700000 0.072766 -0.127356 -0.005936
8.740000 0.072347 -0.132580 -0.006182
8.780000 0.071798 -0.155223 -0.007241
8.820000 0.070790 -0.162998 -0.007611
8.860000 0.070199 -0.168796 -0.007886
8.900000 0.070145 -0.193422 -0.009037
8.940000 0.069485 -0.202947 -0.009488
8.980000 0.068629 -0.234145 -0.010955
9.020000 0.067145 -0.247670 -0.011604
9.060000 0.066963 -0.268134 -0.012565
9.100000 0.066022 -0.281244 -0.013191
9.140000 0.065116 -0.315242 -0.014798
9.180000 0.064130 -0.334027 -0.015695
9.220000 0.063520 -0.362291 -0.017033
9.260000 0.062450 -0.406710 -0.019140
9.300000 0.061143 -0.446046 -0.021017
9.340000 0.060001 -0.484689 -0.022863
9.380000 0.058332 -0.524933 -0.024800
9.420000 0.056131 -0.570470 -0.027008
9.460000 0.054656 -0.632415 -0.029982
9.500000 0.052843 -0.687634 -0.032656
9.540000 0.050873 -0.770092 -0.036641
9.580000 0.048227 -0.833492 -0.039757
9.620000 0.046165 -0.921038 -0.044020
9.660000 0.043368 -1.005258 -0.048174
9.700000 0.039626 -1.132385 -0.054461
9.740000 0.036483 -1.256494 -0.060613
9.780000 0.033329 -1.398287 -0.067659
9.820000 0.029661 -1.543174 -0.074936
9.860000 0.025469 -1.729212 -0.084313
9.900000 0.020464 -1.948988 -0.095495
9.940000 0.014834 -2.209124 -0.108842
9.980000 0.009006 -2.549473 -0.126336
