-9.980000 -0.0003685 3.74972 0.187555 1.02456
-9.940000 -0.000924222 3.35222 0.167766 1.02299
-9.900000 -0.00145261 3.03123 0.151782 1.02091
-9.860000 -0.00220389 2.76279 0.138445 1.01819
-9.820000 -0.00239644 2.52728 0.126668 1.01828
-9.780000 -0.00292078 2.32132 0.116407 1.01782
-9.740000 -0.00351006 2.138 0.107278 1.01579
-9.700000 -0.00383739 1.96603 0.0986805 1.01435
-9.660000 -0.00409294 1.80727 0.0907349 1.01399
-9.620000 -0.00437089 1.67106 0.0839202 1.01324
-9.580000 -0.00477217 1.54316 0.0775287 1.01318
-9.540000 -0.00533178 1.42828 0.0717988 1.01216
-9.500000 -0.00570189 1.32515 0.0666395 1.01144
-9.460000 -0.0057985 1.22581 0.0616497 1.01216
-9.420000 -0.00590828 1.13435 0.0570547 1.0109
-9.380000 -0.00608194 1.05283 0.0529636 1.01011
-9.340000 -0.00637083 0.970244 0.0488234 1.01037
-9.300000 -0.00645778 0.898457 0.045215 1.00901
-9.260000 -0.00690228 0.83123 0.0418504 1.00901
-9.220000 -0.00686656 0.774121 0.0389737 1.00864
-9.180000 -0.00688694 0.723985 0.0364501 1.00834
-9.140000 -0.00719622 0.671822 0.0338348 1.00877
-9.100000 -0.00725111 0.628243 0.0316411 1.00777
-9.060000 -0.00720444 0.582415 0.0293314 1.00728
-9.020000 -0.00745844 0.542868 0.0273463 1.00792
-8.980000 -0.00779872 0.506252 0.0255114 1.00682
-8.940000 -0.00771417 0.463547 0.0233577 1.00715
-8.900000 -0.00787656 0.437025 0.0220246 1.00778
-8.860000 -0.00810272 0.405085 0.0204192 1.0067
-8.820000 -0.00815556 0.380647 0.0191882 1.0074
-8.780000 -0.00819261 0.35749 0.01802 1.00734
-8.740000 -0.00810656 0.329378 0.0166011 1.00743
-8.700000 -0.00831694 0.303499 0.0153016 1.00728
-8.660000 -0.00810144 0.280103 0.0141187 1.00692
-8.620000 -0.00851078 0.264809 0.0133532 1.00706
-8.580000 -0.00853022 0.247233 0.0124669 1.00697
-8.540000 -0.00877917 0.225123 0.0113557 1.0061
-8.500000 -0.00888089 0.211136 0.010651 1.0064
-8.460000 -0.00859144 0.193626 0.00976506 1.00597
-8.420000 -0.0090715 0.182347 0.00920072 1.00539
-8.380000 -0.00932856 0.170539 0.00860744 1.00656
-8.340000 -0.00904978 0.159182 0.00803128 1.00671
-8.300000 -0.00917711 0.151132 0.00762656 1.00601
-8.260000 -0.00935433 0.144959 0.00731722 1.00558
-8.220000 -0.00933344 0.131658 0.00664489 1.00511
-8.180000 -0.00955644 0.122743 0.0061975 1.00629
-8.140000 -0.00935033 0.116291 0.00586889 1.0053
-8.100000 -0.0094215 0.100337 0.00506483 1.00513
-8.060000 -0.00942656 0.0966377 0.004878 1.00562
-8.020000 -0.00973189 0.0900045 0.00454428 1.00595
-7.980000 -0.00978978 0.0888965 0.00448944 1.00592
-7.940000 -0.00957211 0.0848929 0.00428517 1.00506
-7.900000 -0.00946817 0.0819443 0.00413528 1.00507
-7.860000 -0.00951817 0.0780658 0.00393939 1.00431
-7.820000 -0.00948389 0.0705792 0.00356128 1.00507
-7.780000 -0.0098565 0.0633836 0.0032005 1.00595
-7.740000 -0.00982244 0.0547511 0.0027645 1.00466
-7.700000 -0.00968583 0.0468831 0.00236639 1.00598
-7.660000 -0.00980611 0.0440278 0.00222306 1.00444
-7.620000 -0.00978661 0.0433767 0.00219006 1.0051
-7.580000 -0.00989883 0.0369798 0.0018675 1.00508
-7.540000 -0.00985111 0.0344493 0.00173917 1.00554
-7.500000 -0.00988144 0.0302401 0.00152711 1.00516
-7.460000 -0.00992994 0.0315881 0.00159522 1.00523
-7.420000 -0.00980139 0.0268332 0.00135517 1.00526
-7.380000 -0.00979767 0.0253423 0.00128011 1.00466
-7.340000 -0.00983433 0.0238752 0.00120589 1.00503
-7.300000 -0.0100133 0.0231233 0.00116783 1.00466
-7.260000 -0.00994939 0.0232386 0.00117339 1.00602
-7.220000 -0.00997833 0.018775 0.000948056 1.00552
-7.180000 -0.00993778 0.0189063 0.000954778 1.00438
-7.140000 -0.009745 0.0159069 0.000803778 1.00444
-7.100000 -0.00990061 0.0177168 0.000894722 1.00465
-7.060000 -0.00977011 0.00876589 0.000443833 1.00535
-7.020000 -0.00994089 0.00622717 0.000314111 1.00472
-6.980000 -0.0100413 0.00987656 0.000498667 1.00521
-6.940000 -0.0102256 0.00717494 0.000361778 1.0052
-6.900000 -0.0102488 0.00532228 0.0002685 1.00537
-6.860000 -0.0101886 0.00204217 0.000102667 1.00599
-6.820000 -0.0100881 -0.000786444 -3.96667e-05 1.00544
-6.780000 -0.0101776 0.00186856 9.42222e-05 1.00568
-6.740000 -0.0100548 0.00436222 0.000221 1.00517
-6.700000 -0.0100957 0.00292628 0.000148056 1.00529
-6.660000 -0.0103782 -0.000928667 -4.83333e-05 1.00469
-6.620000 -0.0105319 0.00792161 0.000399833 1.00608
-6.580000 -0.0106414 0.00588783 0.000296944 1.00541
-6.540000 -0.0105453 0.00521161 0.000262889 1.00517
-6.500000 -0.0104376 0.0064355 0.000325333 1.00484
-6.460000 -0.0104843 0.00509428 0.000257222 1.00493
-6.420000 -0.0104817 0.00406578 0.000205167 1.00499
-6.380000 -0.0103482 0.000901833 4.46667e-05 1.00443
-6.340000 -0.0105638 -0.00200761 -0.000103556 1.00531
-6.300000 -0.0103588 -0.00129761 -6.68333e-05 1.00441
-6.260000 -0.0102496 -0.00130383 -6.61667e-05 1.00478
-6.220000 -0.0101321 -0.000239056 -1.22778e-05 1.0052
-6.180000 -0.010098 -0.000931889 -4.71111e-05 1.00403
-6.140000 -0.00972489 -0.00493539 -0.000247944 1.00505
-6.100000 -0.00969972 -0.0019555 -9.83333e-05 1.00557
-6.060000 -0.00999706 -0.00252467 -0.000126889 1.00557
-6.020000 -0.00990294 -0.00626944 -0.000315167 1.00528
-5.980000 -0.009938 -0.00355539 -0.000179667 1.00532
-5.940000 -0.00996989 -0.00256561 -0.000129556 1.00498
-5.900000 -0.0100862 -0.00189967 -9.59444e-05 1.00472
-5.860000 -0.0101474 -0.00308022 -0.000155889 1.00539
-5.820000 -0.0102068 -0.00107356 -5.44444e-05 1.00476
-5.780000 -0.0102139 -0.00148144 -7.5e-05 1.00479
-5.740000 -0.0103758 0.00106206 5.40556e-05 1.00491
-5.700000 -0.0103461 -0.0001125 -5.33333e-06 1.00452
-5.660000 -0.0103333 0.000634278 3.21111e-05 1.00582
-5.620000 -0.0101326 0.00102178 5.16667e-05 1.00528
-5.580000 -0.0100659 0.00232067 0.000116833 1.00575
-5.540000 -0.0102284 -0.00140478 -7.11111e-05 1.00524
-5.500000 -0.0102651 0.00379533 0.000192444 1.00512
-5.460000 -0.0103231 0.000562389 2.87222e-05 1.00591
-5.420000 -0.0104166 9.7e-05 4.66667e-06 1.00468
-5.380000 -0.0105689 -0.00276889 -0.000140944 1.0053
-5.340000 -0.0104669 -0.00165678 -8.41111e-05 1.00414
-5.300000 -0.0103468 -0.00399944 -0.000202222 1.00509
-5.260000 -0.0102022 -0.00654156 -0.000330556 1.00445
-5.220000 -0.0102561 -0.00815211 -0.000412444 1.00439
-5.180000 -0.0101774 -0.002211 -0.000111889 1.00514
-5.140000 -0.0101303 -0.00138178 -6.98333e-05 1.00418
-5.100000 -0.0100851 -0.00280461 -0.000141667 1.00545
-5.060000 -0.0101822 -0.0053375 -0.000269556 1.00458
-5.020000 -0.0101896 -0.0033285 -0.000168 1.00507
-4.980000 -0.0102453 -6.22778e-05 -3.05556e-06 1.00417
-4.940000 -0.0101843 -0.00437411 -0.000221 1.00538
-4.900000 -0.0102974 -0.00574983 -0.000290722 1.00518
-4.860000 -0.0102872 -0.00650156 -0.000328611 1.00465
-4.820000 -0.0102436 -0.00132572 -6.71111e-05 1.00529
-4.780000 -0.0101932 0.00215189 0.000108889 1.00515
-4.740000 -0.0100324 -0.00290683 -0.000146889 1.00442
-4.700000 -0.00984689 -0.000170056 -8.88889e-06 1.00457
-4.660000 -0.00976828 0.00173767 8.73889e-05 1.00525
-4.620000 -0.0097975 0.00421228 0.000212278 1.00473
-4.580000 -0.00982022 0.00712861 0.000358722 1.00525
-4.540000 -0.009904 0.0100183 0.000505722 1.00415
-4.500000 -0.00984289 0.00511789 0.000257778 1.00458
-4.460000 -0.00982739 0.00657344 0.000330944 1.0055
-4.420000 -0.00968594 0.00309111 0.000155778 1.00436
-4.380000 -0.00997728 0.00167506 8.46111e-05 1.00484
-4.340000 -0.0100378 0.00380278 0.000192111 1.00487
-4.300000 -0.00984539 0.00663106 0.000334389 1.00514
-4.260000 -0.00993467 0.0104861 0.000529056 1.00488
-4.220000 -0.009784 0.00686694 0.000346611 1.00522
-4.180000 -0.00997711 0.000709056 3.59444e-05 1.00543
-4.140000 -0.00967844 0.00519094 0.000262111 1.0058
-4.100000 -0.009785 0.00823128 0.000415556 1.00442
-4.060000 -0.00989667 0.0102572 0.000517833 1.00596
-4.020000 -0.00972789 0.00807072 0.000407 1.0046
-3.980000 -0.009941 0.00574083 0.000290111 1.00492
-3.940000 -0.009745 0.00598067 0.000301944 1.0052
-3.900000 -0.00975261 0.00567822 0.000286611 1.00489
-3.860000 -0.00982394 0.00650117 0.000328333 1.00533
-3.820000 -0.00980356 0.00541117 0.000273333 1.00464
-3.780000 -0.00987928 0.00728828 0.000368 1.00374
-3.740000 -0.00988117 0.00754478 0.000380944 1.00468
-3.700000 -0.00996 0.00855361 0.000432111 1.00466
-3.660000 -0.00993622 0.00458139 0.000231333 1.0053
-3.620000 -0.0101641 0.002497 0.000125444 1.00412
-3.580000 -0.0101569 0.00139328 7.02222e-05 1.00503
-3.540000 -0.0101564 -0.00359167 -0.000182222 1.0052
-3.500000 -0.0102158 0.00345528 0.0001745 1.00494
-3.460000 -0.0103157 0.00750211 0.000379833 1.00598
-3.420000 -0.0101368 0.00957878 0.000484111 1.00542
-3.380000 -0.00999672 0.0109749 0.000554389 1.00497
-3.340000 -0.0101691 0.00862506 0.000435944 1.00531
-3.300000 -0.009998 0.0120997 0.000611056 1.00637
-3.260000 -0.0100311 0.0128914 0.000651111 1.00539
-3.220000 -0.0100073 0.0110666 0.000558833 1.00411
-3.180000 -0.0100335 0.0127005 0.000641667 1.00407
-3.140000 -0.0100396 0.0139012 0.000702167 1.00423
-3.100000 -0.010293 0.0117674 0.000594722 1.00533
-3.060000 -0.0104327 0.00969128 0.000488778 1.00503
-3.020000 -0.0102434 0.0156302 0.000790222 1.00516
-2.980000 -0.0103651 0.0178291 0.000901833 1.00584
-2.940000 -0.0101757 0.0159767 0.000807389 1.00518
-2.900000 -0.0101902 0.0188939 0.000955 1.00522
-2.860000 -0.0100212 0.020838 0.00105311 1.0043
-2.820000 -0.0100061 0.0252247 0.0012745 1.00483
-2.780000 -0.00997128 0.0265824 0.00134317 1.005
-2.740000 -0.00978422 0.0263793 0.00133161 1.00487
-2.700000 -0.0100071 0.0281478 0.00142172 1.00413
-2.660000 -0.00993283 0.0313899 0.00158528 1.00517
-2.620000 -0.00972678 0.0284396 0.00143583 1.00475
-2.580000 -0.00971739 0.0361251 0.00182322 1.00544
-2.540000 -0.00957 0.0420189 0.00211978 1.00583
-2.500000 -0.009567 0.0359433 0.00181433 1.00458
-2.460000 -0.00952883 0.0391522 0.00197617 1.00537
-2.420000 -0.00950894 0.0399522 0.00201661 1.00501
-2.380000 -0.00957439 0.0458379 0.00231311 1.00492
-2.340000 -0.00958394 0.0499776 0.00252283 1.00528
-2.300000 -0.0094955 0.0553497 0.00279317 1.0057
-2.260000 -0.00966906 0.0618007 0.00311978 1.00426
-2.220000 -0.00965444 0.0642244 0.00324122 1.00565
-2.180000 -0.00957761 0.0652077 0.00329122 1.00557
-2.140000 -0.00957889 0.0780229 0.00393911 1.00548
-2.100000 -0.00935811 0.0790385 0.00398839 1.00485
-2.060000 -0.00925067 0.0857834 0.00432789 1.00581
-2.020000 -0.00942044 0.0897682 0.00453061 1.00502
-1.980000 -0.00927089 0.0928499 0.004685 1.00661
-1.940000 -0.00936417 0.0928721 0.00468739 1.00509
-1.900000 -0.00947167 0.10265 0.00518161 1.00662
-1.860000 -0.00927744 0.11047 0.00557506 1.00604
-1.820000 -0.00903583 0.12104 0.0061065 1.00624
-1.780000 -0.00911439 0.12719 0.00641811 1.00561
-1.740000 -0.00929717 0.136292 0.00687861 1.00535
-1.700000 -0.00931389 0.14419 0.00727733 1.00504
-1.660000 -0.00897267 0.156312 0.0078865 1.00574
-1.620000 -0.00874578 0.165583 0.00835306 1.00613
-1.580000 -0.00885656 0.177258 0.00894256 1.00655
-1.540000 -0.0089895 0.194873 0.00983206 1.00596
-1.500000 -0.0086065 0.208505 0.0105151 1.00575
-1.460000 -0.00859817 0.226887 0.0114423 1.00673
-1.420000 -0.00844983 0.243267 0.012267 1.0061
-1.380000 -0.008549 0.258534 0.0130382 1.00676
-1.340000 -0.00853917 0.282485 0.0142457 1.00627
-1.300000 -0.00828867 0.302568 0.0152544 1.00714
-1.260000 -0.00831483 0.327089 0.0164912 1.00593
-1.220000 -0.00833139 0.353343 0.0178157 1.00692
-1.180000 -0.00833161 0.374384 0.0188769 1.0072
-1.140000 -0.00825594 0.399808 0.0201575 1.0065
-1.100000 -0.00796639 0.431014 0.0217233 1.0074
-1.060000 -0.0078605 0.463626 0.0233644 1.00726
-1.020000 -0.00783772 0.493402 0.0248649 1.00841
-0.980000 -0.00760228 0.5341 0.0269094 1.00707
-0.940000 -0.00764628 0.576102 0.0290273 1.00807
-0.900000 -0.00734206 0.618027 0.0311298 1.00771
-0.860000 -0.00726106 0.665483 0.0335177 1.00693
-0.820000 -0.00706033 0.717425 0.0361263 1.00918
-0.780000 -0.00711944 0.771312 0.0388419 1.00849
-0.740000 -0.00666583 0.831581 0.0418579 1.00926
-0.700000 -0.00645283 0.896371 0.0451098 1.00933
-0.660000 -0.00620367 0.969525 0.0487788 1.01082
-0.620000 -0.00600039 1.03997 0.0523128 1.0103
-0.580000 -0.005793 1.12578 0.0566169 1.01031
-0.540000 -0.00556372 1.21671 0.0611758 1.01119
-0.500000 -0.00514128 1.32015 0.0663488 1.01213
-0.460000 -0.00482639 1.42161 0.0714251 1.01349
-0.420000 -0.00443128 1.53929 0.0773073 1.01279
-0.380000 -0.00400228 1.66772 0.0837208 1.01413
-0.340000 -0.00356011 1.80701 0.0906736 1.01429
-0.300000 -0.003199 1.96345 0.0984872 1.01543
-0.260000 -0.00258983 2.12722 0.106638 1.01556
-0.220000 -0.002417 2.31466 0.116014 1.01619
-0.180000 -0.00221056 2.52461 0.12651 1.01844
-0.140000 -0.00159667 2.76292 0.138367 1.0191
-0.100000 -0.00128178 3.03129 0.151759 1.02025
-0.060000 -0.000346056 3.34689 0.167403 1.02228
-0.020000 5.38889e-05 3.75293 0.187636 1.02342
0.020000 0.000709389 -3.71025 -0.185381 0.986812
0.060000 0.00122372 -3.31577 -0.165586 0.988949
0.100000 0.00197294 -3.00612 -0.150011 0.990051
0.140000 0.00243706 -2.74157 -0.136745 0.990855
0.180000 0.00270156 -2.51082 -0.125203 0.993387
0.220000 0.00323633 -2.30466 -0.114862 0.994147
0.260000 0.00362394 -2.12329 -0.105781 0.995132
0.300000 0.00397844 -1.95944 -0.0975836 0.995086
0.340000 0.00439617 -1.80769 -0.0899888 0.996484
0.380000 0.00491233 -1.67237 -0.0832093 0.996611
0.420000 0.00502167 -1.55112 -0.0771672 0.99703
0.460000 0.005418 -1.43242 -0.0712344 0.99737
0.500000 0.00577306 -1.32326 -0.0657829 0.999304
0.540000 0.00596044 -1.22816 -0.0610439 0.999739
0.580000 0.00610728 -1.14063 -0.056685 0.999016
0.620000 0.00626461 -1.05355 -0.0523496 0.999999
0.660000 0.00675817 -0.97918 -0.0486305 1.00055
0.700000 0.00700839 -0.907103 -0.0450397 1.00067
0.740000 0.00722339 -0.838579 -0.0416288 0.999887
0.780000 0.00757211 -0.776276 -0.0385238 1.00122
0.820000 0.00735817 -0.725445 -0.0360073 1.00089
0.860000 0.00738922 -0.672511 -0.0333788 1.00212
0.900000 0.00780728 -0.625528 -0.0310343 1.00138
0.940000 0.00811944 -0.578718 -0.0287046 1.00202
0.980000 0.00789456 -0.536181 -0.0265989 1.00241
1.020000 0.00792522 -0.499528 -0.0247797 1.00204
1.060000 0.00816133 -0.468689 -0.0232448 1.00256
1.100000 0.00840833 -0.438012 -0.0217178 1.00345
1.140000 0.00842711 -0.406791 -0.0201697 1.00189
1.180000 0.00858067 -0.378627 -0.0187703 1.00368
1.220000 0.00896372 -0.351376 -0.0174129 1.00287
1.260000 0.00906233 -0.324908 -0.0160998 1.0031
1.300000 0.00920172 -0.297584 -0.0147447 1.004
1.340000 0.00928656 -0.276015 -0.0136749 1.0033
1.380000 0.00956939 -0.253969 -0.0125802 1.00407
1.420000 0.00941378 -0.23882 -0.0118304 1.00305
1.460000 0.009358 -0.2213 -0.0109631 1.00425
1.500000 0.00957906 -0.206065 -0.0102067 1.00399
1.540000 0.00964156 -0.193167 -0.00956683 1.00433
1.580000 0.00972356 -0.18243 -0.00903372 1.00379
1.620000 0.00997117 -0.169122 -0.00837322 1.00363
1.660000 0.00985244 -0.153633 -0.00760806 1.00336
1.700000 0.00974389 -0.149207 -0.00738878 1.00358
1.740000 0.00970617 -0.139379 -0.00690172 1.00416
1.780000 0.00983694 -0.125982 -0.00623772 1.00417
1.820000 0.00976922 -0.119476 -0.00591578 1.00456
1.860000 0.00977767 -0.109946 -0.00544417 1.00419
1.900000 0.0098545 -0.105515 -0.005224 1.00424
1.940000 0.00961561 -0.0973912 -0.00482306 1.00423
1.980000 0.00977372 -0.0943313 -0.00467083 1.00439
2.020000 0.00966272 -0.0913546 -0.00452378 1.00461
2.060000 0.00990567 -0.089611 -0.00443572 1.00489
2.100000 0.00957811 -0.0772989 -0.00382828 1.00507
2.140000 0.00959006 -0.0718732 -0.0035595 1.00398
2.180000 0.00973872 -0.0605731 -0.00299967 1.00472
2.220000 0.00974783 -0.0581969 -0.00288172 1.00448
2.260000 0.00989772 -0.0579294 -0.00286817 1.00543
2.300000 0.00999939 -0.0492639 -0.00243894 1.00402
2.340000 0.00996111 -0.0438535 -0.002171 1.00514
2.380000 0.00980389 -0.0403624 -0.00199817 1.00505
2.420000 0.00968922 -0.0363235 -0.00179822 1.00449
2.460000 0.00954733 -0.0335244 -0.00165989 1.00445
2.500000 0.00965889 -0.033451 -0.00165639 1.00506
2.540000 0.00982711 -0.0263077 -0.00130256 1.00498
2.580000 0.00990233 -0.0211512 -0.00104756 1.00535
2.620000 0.00979639 -0.0185055 -0.000915889 1.00507
2.660000 0.00994439 -0.0167265 -0.000828111 1.00479
2.700000 0.00993072 -0.0201291 -0.000996556 1.00476
2.740000 0.00996444 -0.0187243 -0.000927 1.00455
2.780000 0.00994794 -0.0172494 -0.000853889 1.00446
2.820000 0.00997933 -0.0167331 -0.000828222 1.00461
2.860000 0.0101296 -0.0149943 -0.000742056 1.0052
2.900000 0.0098635 -0.0161756 -0.000800611 1.00577
2.940000 0.00974539 -0.0123427 -0.000610667 1.00501
2.980000 0.00987561 -0.0119726 -0.000592333 1.00486
3.020000 0.00977211 -0.0104845 -0.000518778 1.00433
3.060000 0.00971028 -0.00995928 -0.000492667 1.00535
3.100000 0.00979044 -0.00817333 -0.000404444 1.00514
3.140000 0.0097955 -0.0110323 -0.000546667 1.00492
3.180000 0.0100672 -0.0127163 -0.000629444 1.00481
3.220000 0.00989611 -0.00729939 -0.000361556 1.00552
3.260000 0.00972194 -0.00340856 -0.000168389 1.00552
3.300000 0.00991078 -0.00800483 -0.000396444 1.00544
3.340000 0.00981733 -0.00209711 -0.000103056 1.00489
3.380000 0.00999617 -0.0023805 -0.000117611 1.005
3.420000 0.00967383 -0.00650433 -0.000322611 1.00473
3.460000 0.00961206 -0.000631056 -3.1e-05 1.00505
3.500000 0.00978878 -0.00885656 -0.000439056 1.00518
3.540000 0.00972783 -0.00397783 -0.000196944 1.00494
3.580000 0.00965672 -0.00445867 -0.000220222 1.00551
3.620000 0.00996394 -0.00224222 -0.0001105 1.00468
3.660000 0.0102032 0.000118056 5.72222e-06 1.0057
3.700000 0.0101742 -0.00229639 -0.000113556 1.00511
3.740000 0.0100324 4.87222e-05 2.22222e-06 1.00447
3.780000 0.00986889 -0.00215189 -0.000106278 1.00448
3.820000 0.00982217 -0.00375283 -0.000186111 1.00496
3.860000 0.0100937 -0.00635533 -0.000314944 1.00503
3.900000 0.0102206 -0.00337367 -0.000167 1.00477
3.940000 0.0100128 0.000546333 2.74444e-05 1.00516
3.980000 0.00986672 0.0032715 0.000163444 1.00483
4.020000 0.00992939 0.00322644 0.00016 1.00475
4.060000 0.00995522 -0.00159278 -7.89444e-05 1.00445
4.100000 0.00982678 -0.00022 -1.06667e-05 1.00497
4.140000 0.0100931 9.46111e-05 4.44444e-06 1.00527
4.180000 0.00983367 0.00158028 7.84444e-05 1.00551
4.220000 0.00995556 0.00113794 5.62778e-05 1.00439
4.260000 0.00990939 -9.84444e-05 -4.94444e-06 1.00522
4.300000 0.00996228 -0.00156022 -7.73889e-05 1.00452
4.340000 0.00993056 -0.00329506 -0.000163389 1.00519
4.380000 0.00978394 -0.00312439 -0.000154778 1.00546
4.420000 0.0101103 -0.00606378 -0.000299944 1.00536
4.460000 0.00976344 -0.00931006 -0.000462222 1.00582
4.500000 0.00977778 -0.00966694 -0.000479167 1.00462
4.540000 0.00965272 -0.00796528 -0.000395056 1.00434
4.580000 0.0095915 -0.00889917 -0.000441833 1.00478
4.620000 0.00979172 -0.00943994 -0.000467778 1.00469
4.660000 0.00974461 -0.00707444 -0.000350389 1.00479
4.700000 0.00982683 -0.004099 -0.000203 1.00545
4.740000 0.00984422 -0.00294961 -0.000146056 1.00468
4.780000 0.00999833 0.000759167 3.71667e-05 1.00456
4.820000 0.00988061 -0.000596944 -2.95556e-05 1.00554
4.860000 0.00999111 -0.001564 -7.74444e-05 1.00485
4.900000 0.00994361 -0.00194667 -9.63889e-05 1.0047
4.940000 0.00996283 -0.00241911 -0.00012 1.00586
4.980000 0.00989083 -0.00598344 -0.000296389 1.00464
5.020000 0.00998694 -0.00450961 -0.000223389 1.00494
5.060000 0.00976406 -0.00555456 -0.000275 1.00464
5.100000 0.00977139 0.00395272 0.000196889 1.00504
5.140000 0.00996806 0.00476083 0.000236222 1.00559
5.180000 0.00998922 0.00242206 0.000119556 1.00488
5.220000 0.00995944 0.00530178 0.000262444 1.00468
5.260000 0.0100109 0.00440828 0.000217778 1.00547
5.300000 0.0100698 0.00137661 6.78333e-05 1.0057
5.340000 0.0101147 0.00698372 0.000345278 1.00471
5.380000 0.00984722 0.00398983 0.000198167 1.00556
5.420000 0.00986006 0.000133111 7.11111e-06 1.00556
5.460000 0.0100962 -0.00184067 -9.11667e-05 1.00506
5.500000 0.00999378 0.000790222 3.91667e-05 1.0054
5.540000 0.0098375 -0.00211306 -0.000103833 1.00533
5.580000 0.01 0.000534222 2.67222e-05 1.00504
5.620000 0.00993194 0.00100122 5.00556e-05 1.004
5.660000 0.0101316 0.00548633 0.000270833 1.00519
5.700000 0.0101951 -0.00119144 -5.91667e-05 1.00475
5.740000 0.0102992 -0.00108467 -5.37222e-05 1.00511
5.780000 0.00996028 0.00250578 0.000123944 1.00444
5.820000 0.0100557 0.000771389 3.78889e-05 1.00513
5.860000 0.0100202 0.001893 9.36111e-05 1.00474
5.900000 0.0100524 -0.00172 -8.52778e-05 1.00575
5.940000 0.0101024 -0.000916556 -4.53333e-05 1.00534
5.980000 0.00990306 -0.000331056 -1.62778e-05 1.00454
6.020000 0.0100924 -0.002424 -0.000120056 1.00513
6.060000 0.0101551 0.00292572 0.000143444 1.00395
6.100000 0.00981622 0.00237622 0.000117833 1.00521
6.140000 0.00990256 -0.000322722 -1.59444e-05 1.00438
6.180000 0.0100504 0.000243444 1.18889e-05 1.00452
6.220000 0.0100702 0.000954444 4.71111e-05 1.00559
6.260000 0.00994706 -0.00212467 -0.000105222 1.00469
6.300000 0.00990889 -0.00331144 -0.000164389 1.00511
6.340000 0.00989922 -0.000335167 -1.63889e-05 1.00476
6.380000 0.00978644 0.00163078 8.11111e-05 1.00562
6.420000 0.0099685 -0.00390444 -0.000193389 1.00475
6.460000 0.00988972 -0.00427472 -0.000211444 1.00526
6.500000 0.00998228 -0.00466961 -0.000231056 1.00451
6.540000 0.0100898 -0.00729589 -0.000360833 1.00513
6.580000 0.0100915 -0.00498589 -0.000246944 1.00599
6.620000 0.0101896 -0.00220572 -0.000109278 1.00538
6.660000 0.0099995 0.00146617 7.12222e-05 1.00524
6.700000 0.01 -0.00220911 -0.000110722 1.00513
6.740000 0.0100084 -0.00553344 -0.000275 1.00513
6.780000 0.0101526 -0.00699022 -0.000347056 1.00413
6.820000 0.0101349 -0.00597861 -0.000297 1.00423
6.860000 0.0102614 -0.00791167 -0.000392889 1.00465
6.900000 0.00995456 -0.00939222 -0.000464944 1.0053
6.940000 0.009941 -0.0127774 -0.000632833 1.00525
6.980000 0.00980317 -0.0148026 -0.000732833 1.00466
7.020000 0.00977839 -0.0208475 -0.00103194 1.00498
7.060000 0.00965033 -0.0190282 -0.000942444 1.00445
7.100000 0.00960667 -0.0218431 -0.001082 1.00479
7.140000 0.00958283 -0.0188196 -0.000932278 1.00544
7.180000 0.00967633 -0.0218156 -0.0010805 1.00463
7.220000 0.00948789 -0.0237272 -0.00117589 1.0052
7.260000 0.00959511 -0.0242536 -0.00120117 1.0049
7.300000 0.00942417 -0.0244402 -0.00121033 1.00452
7.340000 0.00942494 -0.0296059 -0.00146711 1.0047
7.380000 0.009625 -0.0342139 -0.00169461 1.0048
7.420000 0.0097465 -0.0377012 -0.00186694 1.00386
7.460000 0.00968667 -0.0375586 -0.00186006 1.00497
7.500000 0.00949083 -0.0423826 -0.00209983 1.00464
7.540000 0.00937933 -0.0456036 -0.00226017 1.00533
7.580000 0.00923361 -0.0462161 -0.00229011 1.00528
7.620000 0.00924983 -0.0458717 -0.002273 1.00456
7.660000 0.009102 -0.0550703 -0.00273083 1.00449
7.700000 0.00929861 -0.0554052 -0.00274561 1.00494
7.740000 0.009117 -0.0612491 -0.00303561 1.00365
7.780000 0.00915311 -0.0685639 -0.00339889 1.00424
7.820000 0.00918511 -0.0683712 -0.00338856 1.00494
7.860000 0.00914244 -0.0727741 -0.00360622 1.00422
7.900000 0.00929767 -0.0763023 -0.00378022 1.00478
7.940000 0.00941539 -0.0807738 -0.00400111 1.00459
7.980000 0.00933594 -0.0860816 -0.00426433 1.00448
8.020000 0.00956456 -0.0918746 -0.00455028 1.00502
8.060000 0.00954161 -0.0995092 -0.00492828 1.00504
8.100000 0.00952761 -0.103769 -0.00514 1.00443
8.140000 0.00935822 -0.113945 -0.0056445 1.00492
8.180000 0.0092 -0.127526 -0.00631856 1.00495
8.220000 0.00925911 -0.133338 -0.00660556 1.00414
8.260000 0.00902678 -0.141899 -0.00703167 1.00375
8.300000 0.00892211 -0.152045 -0.00753567 1.00422
8.340000 0.00896028 -0.162771 -0.00806678 1.00344
8.380000 0.00901172 -0.171083 -0.00847783 1.00542
8.420000 0.00883733 -0.182986 -0.00906917 1.00362
8.460000 0.00895978 -0.199606 -0.00989172 1.00417
8.500000 0.00903828 -0.22071 -0.0109358 1.00448
8.540000 0.008868 -0.233018 -0.0115486 1.00319
8.580000 0.00874372 -0.249629 -0.0123733 1.00404
8.620000 0.00868378 -0.269861 -0.013377 1.00343
8.660000 0.00842772 -0.284581 -0.0141105 1.0034
8.700000 0.00851539 -0.304906 -0.0151168 1.003
8.740000 0.00840956 -0.325025 -0.0161157 1.00282
8.780000 0.00822944 -0.351542 -0.0174339 1.00406
8.820000 0.00817811 -0.378421 -0.0187677 1.0039
8.860000 0.00803583 -0.405806 -0.0201284 1.00286
8.900000 0.00793111 -0.441551 -0.0219039 1.00328
8.940000 0.00809511 -0.472168 -0.0234185 1.00295
8.980000 0.00796728 -0.505397 -0.02507 1.00249
9.020000 0.00792628 -0.542615 -0.0269171 1.00291
9.060000 0.0075305 -0.580288 -0.0287976 1.00218
9.100000 0.00750389 -0.626077 -0.0310709 1.00252
9.140000 0.00724811 -0.676018 -0.0335578 1.00104
9.180000 0.00716833 -0.729973 -0.036239 1.00167
9.220000 0.00693261 -0.78323 -0.0388921 1.00083
9.260000 0.00655989 -0.836767 -0.0415654 1.00152
9.300000 0.00633317 -0.907427 -0.0450859 1.00016
9.340000 0.00627117 -0.975779 -0.0484849 1.00029
9.380000 0.00602906 -1.05138 -0.0522539 0.999865
9.420000 0.00567617 -1.12807 -0.0560847 0.999813
9.460000 0.00552683 -1.22088 -0.0607083 0.999204
9.500000 0.00513961 -1.31392 -0.0653596 0.998297
9.540000 0.00483567 -1.42069 -0.0706925 0.99891
9.580000 0.00458189 -1.54385 -0.0768413 0.997062
9.620000 0.00430178 -1.66586 -0.0829365 0.997347
9.660000 0.003787 -1.80473 -0.0898962 0.995654
9.700000 0.00329411 -1.95387 -0.0973727 0.995893
9.740000 0.00265556 -2.11768 -0.105604 0.99452
9.780000 0.00261328 -2.30134 -0.114767 0.993923
9.820000 0.00204972 -2.50548 -0.125018 0.99301
9.860000 0.00151739 -2.73373 -0.136479 0.991803
9.900000 0.001195 -3.0017 -0.149906 0.989781
9.940000 0.000536611 -3.3122 -0.165522 0.989141
9.980000 0.000178667 -3.7074 -0.185337 0.986902
