-9.980000 0.00575467 4.04621 0.201153 4.2202
-9.940000 -0.00733183 3.37189 0.16984 3.95378
-9.900000 -0.0181841 2.87462 0.146393 3.77219
-9.860000 -0.0273279 2.47987 0.127477 3.6479
-9.820000 -0.0351617 2.16146 0.112011 3.55492
-9.780000 -0.0420542 1.8983 0.0990818 3.48583
-9.740000 -0.047898 1.67797 0.0881193 3.42888
-9.700000 -0.0532605 1.48411 0.0783799 3.37969
-9.660000 -0.0580109 1.32204 0.0701727 3.34295
-9.620000 -0.0620197 1.18242 0.0630299 3.31039
-9.580000 -0.0656428 1.05923 0.0566822 3.28326
-9.540000 -0.0690446 0.952866 0.0511765 3.2619
-9.500000 -0.0717979 0.857728 0.0462037 3.24152
-9.460000 -0.0745985 0.776516 0.0419556 3.2242
-9.420000 -0.0771038 0.702721 0.0380713 3.20949
-9.380000 -0.0792207 0.635574 0.0345128 3.19615
-9.340000 -0.0811643 0.575114 0.0312958 3.1865
-9.300000 -0.0830579 0.522944 0.0285158 3.17538
-9.260000 -0.0847807 0.475672 0.0259869 3.16538
-9.220000 -0.0863969 0.433363 0.0237172 3.15713
-9.180000 -0.0876722 0.397052 0.0217604 3.14981
-9.140000 -0.0890217 0.364094 0.0199837 3.14518
-9.100000 -0.0902227 0.331112 0.0181973 3.13989
-9.060000 -0.091216 0.302408 0.0166381 3.13525
-9.020000 -0.0922934 0.277889 0.0153072 3.1314
-8.980000 -0.0932189 0.252427 0.0139189 3.1254
-8.940000 -0.0941177 0.232662 0.0128418 3.12158
-8.900000 -0.0949322 0.213134 0.0117746 3.11883
-8.860000 -0.0956464 0.194736 0.0107664 3.11535
-8.820000 -0.0963335 0.179536 0.00993367 3.11196
-8.780000 -0.0970057 0.166284 0.00920733 3.11018
-8.740000 -0.0974958 0.154115 0.00853828 3.10822
-8.700000 -0.0979998 0.139766 0.00774761 3.10546
-8.660000 -0.0985318 0.131094 0.00727106 3.10466
-8.620000 -0.0990237 0.123291 0.00684211 3.10338
-8.580000 -0.0994507 0.112931 0.00627011 3.10146
-8.540000 -0.0999741 0.103298 0.00573883 3.09867
-8.500000 -0.100527 0.0954552 0.00530617 3.09686
-8.460000 -0.100792 0.0863378 0.00480072 3.09567
-8.420000 -0.101122 0.0812577 0.00452011 3.09478
-8.380000 -0.101422 0.0747074 0.00415689 3.09514
-8.340000 -0.101684 0.0695737 0.00387222 3.09249
-8.300000 -0.101985 0.0631042 0.0035135 3.09312
-8.260000 -0.102146 0.0599037 0.00333572 3.09124
-8.220000 -0.102212 0.0567919 0.00316306 3.09258
-8.180000 -0.102406 0.0514583 0.00286639 3.09241
-8.140000 -0.102823 0.0465932 0.0025965 3.08998
-8.100000 -0.102994 0.0439269 0.0024485 3.08818
-8.060000 -0.103148 0.0398712 0.00222272 3.08709
-8.020000 -0.103399 0.0344142 0.00191928 3.08733
-7.980000 -0.103558 0.0352883 0.00196817 3.08861
-7.940000 -0.103723 0.0301277 0.00168056 3.08826
-7.900000 -0.1039 0.0253195 0.00141261 3.08705
-7.860000 -0.104104 0.0234929 0.00131083 3.08626
-7.820000 -0.104013 0.0231869 0.00129378 3.08633
-7.780000 -0.104096 0.0245437 0.00136956 3.08846
-7.740000 -0.104056 0.0224366 0.001252 3.08862
-7.700000 -0.104221 0.0196558 0.00109694 3.08652
-7.660000 -0.104308 0.0182302 0.00101767 3.08543
-7.620000 -0.104295 0.0174504 0.000973944 3.08515
-7.580000 -0.104544 0.0155054 0.000865833 3.08473
-7.540000 -0.104672 0.0130498 0.000728556 3.08438
-7.500000 -0.104583 0.012246 0.000683722 3.08183
-7.460000 -0.104606 0.0111029 0.000619889 3.08283
-7.420000 -0.10473 0.0141057 0.000787611 3.08398
-7.380000 -0.10477 0.0143407 0.000801 3.08463
-7.340000 -0.104933 0.0115259 0.000643889 3.08478
-7.300000 -0.10489 0.00945606 0.000528111 3.0851
-7.260000 -0.104984 0.00421056 0.000235056 3.08331
-7.220000 -0.104949 0.00518722 0.000289556 3.08291
-7.180000 -0.105057 0.00695394 0.000388389 3.08376
-7.140000 -0.105052 0.00704311 0.000393167 3.08672
-7.100000 -0.10533 0.00504572 0.000281889 3.08478
-7.060000 -0.105202 0.00424189 0.000236944 3.08308
-7.020000 -0.105244 0.00201472 0.000112333 3.08116
-6.980000 -0.105346 0.00350889 0.000195944 3.08291
-6.940000 -0.105334 0.00507483 0.000283556 3.08445
-6.900000 -0.105485 0.000639333 3.57222e-05 3.08193
-6.860000 -0.105495 0.00166533 9.3e-05 3.08281
-6.820000 -0.105533 0.00246006 0.000137389 3.08317
-6.780000 -0.105437 0.00288217 0.000161056 3.08274
-6.740000 -0.105537 0.00161061 8.99444e-05 3.08134
-6.700000 -0.105579 0.00118583 6.62778e-05 3.08376
-6.660000 -0.1055 0.00181061 0.000101056 3.08199
-6.620000 -0.105528 0.000959389 5.35556e-05 3.08079
-6.580000 -0.105479 0.0006355 3.55e-05 3.08269
-6.540000 -0.105588 -0.00129939 -7.27222e-05 3.08345
-6.500000 -0.105558 -0.000746833 -4.19444e-05 3.08099
-6.460000 -0.105571 0.000553278 3.08333e-05 3.08299
-6.420000 -0.105799 0.00225228 0.000125889 3.08358
-6.380000 -0.105704 0.00215233 0.000120167 3.08266
-6.340000 -0.105734 0.00237039 0.000132222 3.08458
-6.300000 -0.105742 0.00292394 0.000163111 3.08217
-6.260000 -0.105652 0.00221339 0.000123389 3.08293
-6.220000 -0.105797 0.00145756 8.12222e-05 3.08224
-6.180000 -0.10581 0.000521667 2.88889e-05 3.08166
-6.140000 -0.105808 -3.33333e-05 -2.16667e-06 3.08032
-6.100000 -0.105731 0.00172528 9.62778e-05 3.08096
-6.060000 -0.105793 0.00417411 0.000233222 3.08263
-6.020000 -0.105844 0.00367067 0.000205167 3.08324
-5.980000 -0.105911 0.00351483 0.000196389 3.08421
-5.940000 -0.105891 0.00346039 0.000193389 3.0827
-5.900000 -0.10597 0.00321244 0.000179556 3.08373
-5.860000 -0.105932 0.00260739 0.000145667 3.08303
-5.820000 -0.105893 0.00148028 8.28333e-05 3.0837
-5.780000 -0.105726 0.00230761 0.000128944 3.08453
-5.740000 -0.105899 0.0032835 0.0001835 3.08189
-5.700000 -0.105792 0.000773056 4.31667e-05 3.08324
-5.660000 -0.10578 0.000288333 1.61111e-05 3.08326
-5.620000 -0.105934 -0.00144872 -8.11111e-05 3.0809
-5.580000 -0.105792 0.0015105 8.43889e-05 3.08307
-5.540000 -0.105861 0.00203667 0.000114 3.08386
-5.500000 -0.105793 0.00280522 0.000157056 3.08555
-5.460000 -0.105758 0.000546333 3.04444e-05 3.08441
-5.420000 -0.105809 0.00245478 0.000137167 3.08146
-5.380000 -0.105755 0.00203628 0.000113667 3.08217
-5.340000 -0.105576 0.00281867 0.000157389 3.08366
-5.300000 -0.105821 0.00294778 0.000164722 3.08586
-5.260000 -0.105808 0.00218378 0.000121889 3.08383
-5.220000 -0.105791 -0.000193111 -1.09444e-05 3.08174
-5.180000 -0.105828 -0.00216711 -0.000121389 3.07926
-5.140000 -0.105821 -0.000830222 -4.63333e-05 3.08124
-5.100000 -0.105926 -0.00134894 -7.54444e-05 3.0828
-5.060000 -0.10594 -0.00241983 -0.000135222 3.08201
-5.020000 -0.105855 -0.00127594 -7.12778e-05 3.08361
-4.980000 -0.105738 6.33889e-05 3.66667e-06 3.08375
-4.940000 -0.105843 -0.00135183 -7.56111e-05 3.08508
-4.900000 -0.105935 -0.000166556 -9.16667e-06 3.08417
-4.860000 -0.106121 -0.00192033 -0.000107778 3.08051
-4.820000 -0.105985 -0.002709 -0.000151611 3.08057
-4.780000 -0.106036 -0.000421 -2.37222e-05 3.08095
-4.740000 -0.106053 -0.00130272 -7.28333e-05 3.08176
-4.700000 -0.106018 -0.00308967 -0.000172778 3.08099
-4.660000 -0.106092 -0.00233739 -0.000130833 3.08137
-4.620000 -0.106166 -0.00583944 -0.000326833 3.08042
-4.580000 -0.106138 -0.00543394 -0.000304111 3.07967
-4.540000 -0.106138 -0.00229161 -0.000128389 3.08035
-4.500000 -0.106074 -0.00356878 -0.000199778 3.08153
-4.460000 -0.10605 -0.00322889 -0.000180778 3.08232
-4.420000 -0.105952 -0.00112439 -6.28333e-05 3.08097
-4.380000 -0.105926 -0.00234811 -0.000131278 3.08269
-4.340000 -0.105846 -0.00255778 -0.000143056 3.08255
-4.300000 -0.105933 0.000128778 7.11111e-06 3.08307
-4.260000 -0.106162 0.000367333 2.04444e-05 3.08164
-4.220000 -0.106104 -0.000500278 -2.8e-05 3.08145
-4.180000 -0.106127 -0.00126533 -7.08889e-05 3.08186
-4.140000 -0.106032 -0.00201061 -0.0001125 3.08251
-4.100000 -0.105944 0.00229917 0.000128556 3.08328
-4.060000 -0.106006 0.00129561 7.26111e-05 3.08422
-4.020000 -0.105923 0.000968889 5.41667e-05 3.08209
-3.980000 -0.105814 0.00104544 5.83333e-05 3.08258
-3.940000 -0.105962 -0.000100056 -5.72222e-06 3.08278
-3.900000 -0.10596 0.000936167 5.23333e-05 3.08417
-3.860000 -0.105909 -0.0010855 -6.05556e-05 3.08177
-3.820000 -0.105939 0.0023325 0.000130556 3.08287
-3.780000 -0.106009 -0.00208272 -0.000116333 3.08099
-3.740000 -0.105922 -0.000629556 -3.51667e-05 3.08353
-3.700000 -0.105884 5.93333e-05 3.27778e-06 3.08385
-3.660000 -0.105886 -0.00116228 -6.49444e-05 3.0823
-3.620000 -0.105925 -0.001078 -6.05e-05 3.08107
-3.580000 -0.105788 -0.00536733 -0.000300167 3.08254
-3.540000 -0.105827 -0.00383533 -0.000214556 3.08114
-3.500000 -0.105835 -0.00219617 -0.000122944 3.08238
-3.460000 -0.105815 -0.000360444 -2.05e-05 3.08131
-3.420000 -0.105756 0.002135 0.000119167 3.08266
-3.380000 -0.105602 0.00201561 0.000112389 3.08212
-3.340000 -0.105656 0.000247556 1.36667e-05 3.08329
-3.300000 -0.105716 -0.00315811 -0.000176722 3.08309
-3.260000 -0.10568 -0.00160889 -9.00556e-05 3.08256
-3.220000 -0.105564 0.000183944 1.02222e-05 3.0838
-3.180000 -0.105658 -0.000482444 -2.72222e-05 3.08141
-3.140000 -0.105562 -0.000237278 -1.33333e-05 3.08003
-3.100000 -0.105454 0.000137778 7.66667e-06 3.08176
-3.060000 -0.105479 0.000115222 6.22222e-06 3.0822
-3.020000 -0.105424 0.00199894 0.000111611 3.0829
-2.980000 -0.105444 0.00456378 0.000255 3.0848
-2.940000 -0.105395 0.00470683 0.000263056 3.08306
-2.900000 -0.105244 0.00657333 0.000367056 3.0851
-2.860000 -0.105167 0.00705011 0.000393778 3.08301
-2.820000 -0.10505 0.00651078 0.000363722 3.08489
-2.780000 -0.105044 0.008185 0.000457167 3.08225
-2.740000 -0.104978 0.00865944 0.000483778 3.08577
-2.700000 -0.104999 0.0114223 0.000638056 3.08685
-2.660000 -0.104906 0.0121436 0.000678111 3.08413
-2.620000 -0.104893 0.0122453 0.000684111 3.08662
-2.580000 -0.104725 0.0115348 0.000644111 3.08458
-2.540000 -0.104746 0.0124292 0.000694111 3.08191
-2.500000 -0.104592 0.0117054 0.000653611 3.083
-2.460000 -0.104466 0.0123459 0.000689222 3.08385
-2.420000 -0.104343 0.0143812 0.000802722 3.08265
-2.380000 -0.104331 0.0164423 0.000917944 3.08413
-2.340000 -0.104192 0.0179601 0.00100222 3.08515
-2.300000 -0.104144 0.022754 0.00127006 3.0885
-2.260000 -0.103962 0.0247826 0.00138283 3.088
-2.220000 -0.103845 0.0263908 0.00147228 3.08798
-2.180000 -0.103885 0.0241148 0.00134544 3.0874
-2.140000 -0.103566 0.0266077 0.00148383 3.08872
-2.100000 -0.103316 0.0299106 0.00166772 3.08859
-2.060000 -0.103234 0.0306665 0.00170978 3.08784
-2.020000 -0.103222 0.0342409 0.001909 3.08863
-1.980000 -0.102967 0.0382423 0.00213156 3.08918
-1.940000 -0.102909 0.0385617 0.00214928 3.08812
-1.900000 -0.102751 0.0449801 0.00250656 3.09096
-1.860000 -0.102525 0.0460858 0.00256744 3.09052
-1.820000 -0.102218 0.048632 0.00270856 3.09184
-1.780000 -0.102069 0.0540313 0.00300867 3.09277
-1.740000 -0.10187 0.0574884 0.00320044 3.09032
-1.700000 -0.101656 0.0629734 0.003505 3.09146
-1.660000 -0.101489 0.0692082 0.00385133 3.09327
-1.620000 -0.101145 0.0740818 0.00412083 3.09485
-1.580000 -0.100795 0.0783641 0.00435728 3.09436
-1.540000 -0.100524 0.0855749 0.00475689 3.09788
-1.500000 -0.100198 0.0913972 0.00507861 3.09796
-1.460000 -0.100027 0.0975286 0.0054185 3.095
-1.420000 -0.0995628 0.108603 0.00603078 3.0992
-1.380000 -0.0991186 0.117675 0.00653111 3.10196
-1.340000 -0.0985201 0.127951 0.00709678 3.10332
-1.300000 -0.0980579 0.139519 0.0077345 3.10755
-1.260000 -0.0974759 0.152989 0.00847583 3.10945
-1.220000 -0.0969658 0.165351 0.00915539 3.10947
-1.180000 -0.0963329 0.178853 0.00989606 3.1109
-1.140000 -0.0957161 0.193263 0.0106861 3.11424
-1.100000 -0.0949732 0.213139 0.0117754 3.11761
-1.060000 -0.0941852 0.232735 0.0128469 3.12293
-1.020000 -0.0931806 0.254814 0.0140499 3.12692
-0.980000 -0.0923931 0.27639 0.0152262 3.13121
-0.940000 -0.0913619 0.30289 0.0166672 3.1362
-0.900000 -0.0901683 0.327618 0.0180042 3.13981
-0.860000 -0.0890191 0.362021 0.0198697 3.14516
-0.820000 -0.0877244 0.396388 0.0217251 3.15077
-0.780000 -0.0864189 0.436483 0.0238886 3.15835
-0.740000 -0.0847438 0.476421 0.0260265 3.16464
-0.700000 -0.0830476 0.525708 0.028666 3.17619
-0.660000 -0.0811424 0.577095 0.0314029 3.18645
-0.620000 -0.0792004 0.637288 0.034605 3.19612
-0.580000 -0.0769205 0.701944 0.0380218 3.20806
-0.540000 -0.0745213 0.775164 0.0418789 3.2221
-0.500000 -0.0718747 0.85962 0.0463093 3.24258
-0.460000 -0.0688232 0.956281 0.0513479 3.26195
-0.420000 -0.065538 1.06369 0.0569142 3.28289
-0.380000 -0.0616978 1.18621 0.0632101 3.31049
-0.340000 -0.0577077 1.322 0.0701482 3.34249
-0.300000 -0.053121 1.48403 0.0783642 3.38093
-0.260000 -0.0478458 1.67594 0.0880075 3.42872
-0.220000 -0.0419344 1.89882 0.0990964 3.48521
-0.180000 -0.0351404 2.15993 0.11193 3.55509
-0.140000 -0.0274377 2.4794 0.127467 3.6486
-0.100000 -0.0181627 2.87175 0.146244 3.77095
-0.060000 -0.00741361 3.37211 0.169865 3.94843
-0.020000 0.00575167 4.04739 0.201212 4.22099
0.020000 0.0154365 -3.3548 -0.16519 2.5
0.060000 0.0228496 -2.91062 -0.14228 2.5894
0.100000 0.0294829 -2.56553 -0.124603 2.6677
0.140000 0.0354132 -2.28695 -0.110436 2.72238
0.180000 0.0408929 -2.04426 -0.0981977 2.76809
0.220000 0.0457914 -1.83684 -0.0878208 2.80654
0.260000 0.0502498 -1.65712 -0.0788917 2.83797
0.300000 0.0544496 -1.49832 -0.0710476 2.86497
0.340000 0.058398 -1.35722 -0.0641167 2.88857
0.380000 0.0617614 -1.23358 -0.0580912 2.90841
0.420000 0.0650272 -1.12414 -0.0527753 2.92467
0.460000 0.0677616 -1.02256 -0.0478834 2.94162
0.500000 0.0703858 -0.933224 -0.0435928 2.95488
0.540000 0.0728256 -0.856468 -0.0399164 2.96245
0.580000 0.0752226 -0.782787 -0.0364012 2.97361
0.620000 0.0772701 -0.716922 -0.033275 2.98449
0.660000 0.0793807 -0.652923 -0.030245 2.99502
0.700000 0.0811596 -0.599704 -0.0277343 3.00169
0.740000 0.0829531 -0.54949 -0.02537 3.00856
0.780000 0.0845147 -0.504817 -0.0232739 3.0142
0.820000 0.0858652 -0.462732 -0.0213071 3.02019
0.860000 0.0872448 -0.425146 -0.0195516 3.02704
0.900000 0.0883141 -0.393315 -0.0180701 3.02975
0.940000 0.0895945 -0.359014 -0.0164747 3.03538
0.980000 0.0906135 -0.33167 -0.0152057 3.03734
1.020000 0.0916449 -0.304278 -0.0139367 3.04379
1.060000 0.0925455 -0.279402 -0.0127867 3.04637
1.100000 0.0933651 -0.255946 -0.0117044 3.05029
1.140000 0.0942543 -0.2378 -0.0108659 3.05098
1.180000 0.0950495 -0.215045 -0.00981894 3.05385
1.220000 0.0957802 -0.198891 -0.00907539 3.05558
1.260000 0.0964734 -0.183445 -0.00836528 3.05865
1.300000 0.0971611 -0.170249 -0.00775861 3.06074
1.340000 0.0977657 -0.15773 -0.00718433 3.0613
1.380000 0.0984099 -0.142584 -0.00649067 3.06412
1.420000 0.0986931 -0.132763 -0.006042 3.06689
1.460000 0.099086 -0.125311 -0.00570078 3.06863
1.500000 0.0995271 -0.112545 -0.00511794 3.06997
1.540000 0.100023 -0.103942 -0.00472461 3.06907
1.580000 0.100294 -0.0999106 -0.00454011 3.06816
1.620000 0.100763 -0.0912108 -0.00414317 3.07124
1.660000 0.101115 -0.0830314 -0.00377033 3.07035
1.700000 0.101324 -0.0758459 -0.00344333 3.0727
1.740000 0.101673 -0.0701616 -0.00318433 3.07368
1.780000 0.101883 -0.0635559 -0.00288394 3.07454
1.820000 0.102028 -0.0585892 -0.00265828 3.07476
1.860000 0.102186 -0.0533966 -0.00242261 3.07572
1.900000 0.102565 -0.046704 -0.00211828 3.07757
1.940000 0.102765 -0.0440534 -0.0019975 3.07732
1.980000 0.102938 -0.0406242 -0.00184156 3.07832
2.020000 0.103029 -0.0385024 -0.00174533 3.07908
2.060000 0.103177 -0.0374234 -0.00169639 3.07942
2.100000 0.10336 -0.0345611 -0.00156628 3.07829
2.140000 0.10355 -0.0319171 -0.00144617 3.08069
2.180000 0.103652 -0.0302554 -0.00137067 3.07968
2.220000 0.103703 -0.0306387 -0.00138783 3.0803
2.260000 0.103834 -0.0288793 -0.00130806 3.07984
2.300000 0.103812 -0.0291065 -0.00131844 3.07983
2.340000 0.103963 -0.0252697 -0.0011445 3.08057
2.380000 0.104209 -0.0222321 -0.00100678 3.07997
2.420000 0.104274 -0.0226145 -0.00102417 3.07918
2.460000 0.104479 -0.0199301 -0.000902167 3.07809
2.500000 0.1045 -0.0194489 -0.000880389 3.07722
2.540000 0.104646 -0.0142419 -0.000644833 3.0785
2.580000 0.104555 -0.0155794 -0.000705333 3.07973
2.620000 0.104629 -0.0133847 -0.000606 3.08169
2.660000 0.104749 -0.00979572 -0.000443556 3.08065
2.700000 0.104821 -0.00658289 -0.000298 3.08268
2.740000 0.10481 -0.00671833 -0.000304111 3.08353
2.780000 0.105006 -0.00805511 -0.000364667 3.08268
2.820000 0.105128 -0.00892767 -0.000404111 3.08259
2.860000 0.105098 -0.010443 -0.000472722 3.08083
2.900000 0.105198 -0.00647033 -0.000292778 3.081
2.940000 0.105266 -0.00811939 -0.000367278 3.07919
2.980000 0.105265 -0.00953861 -0.000431556 3.07899
3.020000 0.105291 -0.00523128 -0.000236556 3.08203
3.060000 0.105308 -0.00567656 -0.000256889 3.08169
3.100000 0.105347 -0.00832839 -0.000376722 3.08035
3.140000 0.105422 -0.00923111 -0.000417444 3.0805
3.180000 0.105406 -0.00739006 -0.000334222 3.08039
3.220000 0.105471 -0.00482483 -0.000218056 3.08079
3.260000 0.105421 -0.00566556 -0.000256333 3.08134
3.300000 0.105506 -0.00665211 -0.000300722 3.08138
3.340000 0.105479 -0.00728256 -0.000329444 3.08122
3.380000 0.105421 -0.00503894 -0.000228056 3.08183
3.420000 0.105407 -0.0046185 -0.000209 3.08147
3.460000 0.105482 -0.000269444 -1.21667e-05 3.08187
3.500000 0.105468 -0.000570944 -2.59444e-05 3.0831
3.540000 0.105488 -0.00467572 -0.000211611 3.08111
3.580000 0.105469 -0.00169939 -7.68889e-05 3.08282
3.620000 0.105405 -0.00217011 -9.82778e-05 3.08161
3.660000 0.105489 -0.00180233 -8.16111e-05 3.08239
3.700000 0.105647 -0.00138583 -6.28333e-05 3.08234
3.740000 0.105745 -0.000329556 -1.5e-05 3.07964
3.780000 0.105669 0.000111222 5e-06 3.08231
3.820000 0.105669 0.00154233 6.95e-05 3.0809
3.860000 0.105734 0.000642056 2.9e-05 3.08094
3.900000 0.105671 -0.000241222 -1.11111e-05 3.08339
3.940000 0.10564 0.00331022 0.000149722 3.08508
3.980000 0.105571 0.00227306 0.000102667 3.08231
4.020000 0.105566 0.0022835 0.000103278 3.08346
4.060000 0.105499 0.00329761 0.000149167 3.08441
4.100000 0.105487 0.00220467 9.97222e-05 3.08217
4.140000 0.105554 -0.000135167 -6.16667e-06 3.08365
4.180000 0.105607 0.000274111 1.22778e-05 3.08314
4.220000 0.105638 0.000410278 1.85e-05 3.08376
4.260000 0.105609 -0.00203539 -9.18333e-05 3.08229
4.300000 0.105662 -0.00466167 -0.000210667 3.08346
4.340000 0.105537 -0.001431 -6.47778e-05 3.08349
4.380000 0.105807 -0.00107328 -4.86667e-05 3.0861
4.420000 0.105709 0.001773 8e-05 3.08472
4.460000 0.105755 0.000336722 1.52222e-05 3.08447
4.500000 0.105769 -0.00155644 -7.03333e-05 3.08424
4.540000 0.105791 0.000926278 4.18889e-05 3.08386
4.580000 0.105706 -0.000675778 -3.05e-05 3.08083
4.620000 0.105604 -0.00158978 -7.21111e-05 3.08163
4.660000 0.105668 -0.00319789 -0.000144556 3.08224
4.700000 0.105552 -0.00334844 -0.000151389 3.08264
4.740000 0.105564 -0.00111522 -5.05556e-05 3.08247
4.780000 0.10545 -0.00228094 -0.000103278 3.08184
4.820000 0.105518 -0.00598883 -0.000270778 3.08149
4.860000 0.105565 -0.00618328 -0.000279611 3.07952
4.900000 0.105749 -0.003585 -0.000162222 3.08092
4.940000 0.105763 -0.00548822 -0.000248389 3.08351
4.980000 0.105624 -0.00466328 -0.000211056 3.08207
5.020000 0.105646 -0.00335461 -0.000151944 3.08284
5.060000 0.105748 -0.00696222 -0.000314944 3.08222
5.100000 0.105695 -0.00406389 -0.000183833 3.08047
5.140000 0.105611 -0.000714667 -3.25e-05 3.08245
5.180000 0.105625 -0.000956667 -4.35556e-05 3.0795
5.220000 0.105553 0.000962667 4.35e-05 3.0822
5.260000 0.105609 0.00224433 0.000101444 3.08343
5.300000 0.105742 0.0036845 0.000166278 3.08303
5.340000 0.105679 0.00174161 7.83333e-05 3.08352
5.380000 0.105744 0.00415494 0.000187778 3.08318
5.420000 0.105706 0.00123367 5.57778e-05 3.08406
5.460000 0.105574 0.00168539 7.61111e-05 3.08349
5.500000 0.105655 0.0028105 0.000127056 3.08333
5.540000 0.105693 0.0019375 8.75556e-05 3.08521
5.580000 0.105696 0.00154511 6.98333e-05 3.08519
5.620000 0.1055 -0.00189461 -8.56667e-05 3.08306
5.660000 0.105406 -0.000764167 -3.46111e-05 3.08347
5.700000 0.105419 0.00278078 0.000125889 3.08587
5.740000 0.105488 0.000692556 3.14444e-05 3.08439
5.780000 0.105541 0.00224006 0.000101333 3.08487
5.820000 0.105487 0.0007335 3.31111e-05 3.082
5.860000 0.10552 -0.000243333 -1.1e-05 3.08182
5.900000 0.105562 0.000746389 3.36111e-05 3.0834
5.940000 0.10548 0.000620889 2.80556e-05 3.08431
5.980000 0.105368 -0.002493 -0.000112778 3.08211
6.020000 0.105391 -0.0048115 -0.000217611 3.08003
6.060000 0.105355 -0.00642389 -0.0002905 3.0793
6.100000 0.105209 -0.00465483 -0.000210611 3.08172
6.140000 0.105233 -0.00796361 -0.000360389 3.08148
6.180000 0.105344 -0.00753017 -0.000340611 3.08096
6.220000 0.105415 -0.00640711 -0.000289778 3.08345
6.260000 0.105359 -0.00526367 -0.000238111 3.08275
6.300000 0.105493 -0.00687161 -0.000310611 3.07974
6.340000 0.105491 -0.00729311 -0.000329722 3.08028
6.380000 0.105423 -0.00836244 -0.000378222 3.08284
6.420000 0.105364 -0.00490867 -0.000222167 3.08296
6.460000 0.10541 -0.00216306 -9.81111e-05 3.08487
6.500000 0.105429 -0.00315989 -0.000143 3.08327
6.540000 0.10538 -0.00413572 -0.000187 3.08276
6.580000 0.105488 -0.00388694 -0.000175722 3.082
6.620000 0.105436 -0.00231772 -0.000104611 3.08244
6.660000 0.105446 -0.00290622 -0.000131556 3.08201
6.700000 0.10527 -0.00341517 -0.000154611 3.08218
6.740000 0.105237 -0.00636411 -0.000288 3.08154
6.780000 0.105124 -0.00578589 -0.000261889 3.08173
6.820000 0.105044 -0.00693628 -0.000313944 3.08234
6.860000 0.105212 -0.006276 -0.000284 3.0806
6.900000 0.105132 -0.00690444 -0.0003125 3.08155
6.940000 0.105139 -0.00233617 -0.000105667 3.08119
6.980000 0.105185 -0.00777944 -0.000352 3.07957
7.020000 0.105103 -0.00867633 -0.000392444 3.08169
7.060000 0.105095 -0.006008 -0.000271611 3.08354
7.100000 0.104973 -0.00794883 -0.000359556 3.07982
7.140000 0.104935 -0.0102645 -0.000464333 3.08192
7.180000 0.105022 -0.0100905 -0.0004565 3.08234
7.220000 0.104847 -0.0130924 -0.000592333 3.08226
7.260000 0.104678 -0.0144474 -0.000654 3.08241
7.300000 0.104653 -0.0130041 -0.0005885 3.08272
7.340000 0.104645 -0.0103603 -0.000468944 3.08166
7.380000 0.104402 -0.0150877 -0.000683222 3.08148
7.420000 0.104443 -0.0156348 -0.000708 3.07912
7.460000 0.104385 -0.0161461 -0.000730833 3.08192
7.500000 0.104284 -0.0169777 -0.000768667 3.08199
7.540000 0.104218 -0.0165304 -0.000748389 3.08192
7.580000 0.104068 -0.0179759 -0.000814 3.0824
7.620000 0.103986 -0.0184748 -0.000836667 3.08155
7.660000 0.103927 -0.0214753 -0.000972611 3.08058
7.700000 0.10383 -0.0263871 -0.00119517 3.08086
7.740000 0.103856 -0.0274809 -0.00124478 3.08307
7.780000 0.103807 -0.027304 -0.00123683 3.08206
7.820000 0.103589 -0.0298897 -0.00135417 3.08087
7.860000 0.103361 -0.0309079 -0.00140061 3.08014
7.900000 0.103276 -0.0358221 -0.00162339 3.07965
7.940000 0.102933 -0.0373806 -0.00169461 3.07683
7.980000 0.102865 -0.0371973 -0.00168639 3.08092
8.020000 0.102724 -0.0430676 -0.00195278 3.07816
8.060000 0.10262 -0.0443139 -0.00200939 3.07708
8.100000 0.102482 -0.0472162 -0.00214133 3.07838
8.140000 0.102164 -0.0528831 -0.00239906 3.07584
8.180000 0.101946 -0.0581901 -0.00264039 3.07506
8.220000 0.101713 -0.0667952 -0.00303144 3.07207
8.260000 0.101439 -0.0690969 -0.00313678 3.07375
8.300000 0.101141 -0.079001 -0.00358717 3.07357
8.340000 0.10082 -0.0801862 -0.003642 3.07172
8.380000 0.100513 -0.0862343 -0.00391789 3.07318
8.420000 0.100222 -0.0935329 -0.00425061 3.07121
8.460000 0.0998318 -0.101492 -0.00461417 3.07015
8.500000 0.0994116 -0.108785 -0.00494744 3.072
8.540000 0.0990344 -0.118718 -0.00540128 3.06955
8.580000 0.098669 -0.132427 -0.00602683 3.06762
8.620000 0.0981235 -0.142352 -0.00648172 3.06582
8.660000 0.0975324 -0.151698 -0.00691089 3.06297
8.700000 0.0970564 -0.167574 -0.0076375 3.06109
8.740000 0.0964405 -0.183113 -0.00835039 3.05886
8.780000 0.0957396 -0.201775 -0.00920728 3.05501
8.820000 0.0948831 -0.221763 -0.0101274 3.05216
8.860000 0.0941685 -0.238651 -0.0109058 3.05113
8.900000 0.0934286 -0.258905 -0.0118392 3.0491
8.940000 0.0925172 -0.28079 -0.0128506 3.04607
8.980000 0.0914539 -0.303638 -0.0139099 3.04283
9.020000 0.090513 -0.330774 -0.0151661 3.04095
9.060000 0.0892525 -0.360837 -0.0165638 3.03533
9.100000 0.0881527 -0.39081 -0.0179577 3.03193
9.140000 0.0868503 -0.426636 -0.0196273 3.02804
9.180000 0.0856693 -0.462646 -0.021307 3.02279
9.220000 0.0843299 -0.503017 -0.0231949 3.01734
9.260000 0.082605 -0.551851 -0.0254871 3.0072
9.300000 0.0809136 -0.602099 -0.0278516 2.99986
9.340000 0.078864 -0.65755 -0.0304743 2.99388
9.380000 0.0770629 -0.71483 -0.0331843 2.98497
9.420000 0.0749268 -0.781019 -0.036329 2.97787
9.460000 0.0727149 -0.856472 -0.0399207 2.96287
9.500000 0.0702854 -0.935149 -0.0436869 2.95421
9.540000 0.0675284 -1.02432 -0.0479764 2.93918
9.580000 0.0646001 -1.12499 -0.0528363 2.92496
9.620000 0.0614675 -1.23547 -0.0581965 2.90959
9.660000 0.0579471 -1.35852 -0.0642057 2.88801
9.700000 0.0541117 -1.49694 -0.0710047 2.86626
9.740000 0.0502107 -1.65572 -0.0788279 2.83792
9.780000 0.0456145 -1.83566 -0.0877789 2.80731
9.820000 0.0407884 -2.0407 -0.0980362 2.76928
9.860000 0.0354786 -2.27822 -0.110008 2.72207
9.900000 0.0294479 -2.55839 -0.124261 2.6657
9.940000 0.0228065 -2.90423 -0.141974 2.59348
9.980000 0.0153866 -3.35017 -0.16497 2.50068
