-9.980000 0.047299 11.904405 0.568338
-9.940000 -0.003066 9.311501 0.467007
-9.900000 -0.040816 7.583385 0.395304
-9.860000 -0.070803 6.295965 0.338785
-9.820000 -0.094779 5.328636 0.294328
-9.780000 -0.115162 4.572756 0.258395
-9.740000 -0.131251 3.955623 0.227662
-9.700000 -0.144984 3.446600 0.201552
-9.660000 -0.157924 3.011561 0.178818
-9.620000 -0.168369 2.643267 0.158921
-9.580000 -0.178170 2.337454 0.142210
-9.540000 -0.186295 2.090158 0.128435
-9.500000 -0.193461 1.859962 0.115305
-9.460000 -0.199730 1.657769 0.103576
-9.420000 -0.205831 1.481195 0.093254
-9.380000 -0.210653 1.326008 0.083994
-9.340000 -0.215553 1.199655 0.076465
-9.300000 -0.219902 1.086706 0.069652
-9.260000 -0.223860 0.972683 0.062662
-9.220000 -0.227131 0.884270 0.057207
-9.180000 -0.230419 0.802302 0.052126
-9.140000 -0.232725 0.725075 0.047250
-9.100000 -0.235575 0.661788 0.043287
-9.060000 -0.237749 0.597547 0.039196
-9.020000 -0.239720 0.546248 0.035924
-8.980000 -0.241870 0.499005 0.032910
-8.940000 -0.243866 0.457248 0.030236
-8.900000 -0.245534 0.427301 0.028318
-8.860000 -0.247101 0.398465 0.026462
-8.820000 -0.248830 0.361965 0.024093
-8.780000 -0.249956 0.340059 0.022669
-8.740000 -0.250925 0.304426 0.020320
-8.700000 -0.252231 0.288934 0.019320
-8.660000 -0.252976 0.264624 0.017712
-8.620000 -0.254173 0.254901 0.017088
-8.580000 -0.254956 0.232817 0.015624
-8.540000 -0.255800 0.212769 0.014295
-8.500000 -0.256702 0.196725 0.013233
-8.460000 -0.257025 0.181731 0.012230
-8.420000 -0.256985 0.164466 0.011068
-8.380000 -0.258171 0.152673 0.010290
-8.340000 -0.258997 0.145505 0.009818
-8.300000 -0.259649 0.123529 0.008343
-8.260000 -0.260204 0.103239 0.006978
-8.220000 -0.260705 0.094118 0.006365
-8.180000 -0.261376 0.086268 0.005840
-8.140000 -0.261644 0.088526 0.005995
-8.100000 -0.261897 0.076447 0.005179
-8.060000 -0.262398 0.067710 0.004590
-8.020000 -0.262661 0.060262 0.004086
-7.980000 -0.262594 0.064904 0.004401
-7.940000 -0.262647 0.071037 0.004817
-7.900000 -0.262759 0.068331 0.004634
-7.860000 -0.262961 0.050909 0.003454
-7.820000 -0.263431 0.060268 0.004091
-7.780000 -0.263652 0.049640 0.003371
-7.740000 -0.263579 0.046990 0.003190
-7.700000 -0.263733 0.049275 0.003346
-7.660000 -0.264522 0.043248 0.002940
-7.620000 -0.265033 0.043866 0.002984
-7.580000 -0.264760 0.033642 0.002288
-7.540000 -0.264618 0.032098 0.002182
-7.500000 -0.264695 0.037725 0.002565
-7.460000 -0.264781 0.028952 0.001969
-7.420000 -0.265193 0.019253 0.001310
-7.380000 -0.265592 0.021454 0.001461
-7.340000 -0.265446 0.026368 0.001795
-7.300000 -0.265546 0.026077 0.001775
-7.260000 -0.265815 0.026362 0.001795
-7.220000 -0.266272 0.027249 0.001857
-7.180000 -0.266426 0.020632 0.001406
-7.140000 -0.266331 0.019595 0.001335
-7.100000 -0.266309 0.015301 0.001043
-7.060000 -0.266450 0.010013 0.000682
-7.020000 -0.266522 0.016753 0.001142
-6.980000 -0.265999 0.012548 0.000855
-6.940000 -0.266112 0.005740 0.000391
-6.900000 -0.265808 -0.003252 -0.000221
-6.860000 -0.266183 0.001652 0.000113
-6.820000 -0.266618 0.010127 0.000690
-6.780000 -0.266335 0.011218 0.000765
-6.740000 -0.266775 0.001406 0.000096
-6.700000 -0.266463 -0.001839 -0.000125
-6.660000 -0.266530 -0.007031 -0.000479
-6.620000 -0.266715 -0.007117 -0.000485
-6.580000 -0.266842 0.002954 0.000201
-6.540000 -0.266245 -0.002328 -0.000159
-6.500000 -0.266943 -0.006833 -0.000466
-6.460000 -0.266429 0.005454 0.000372
-6.420000 -0.266395 0.000941 0.000064
-6.380000 -0.266486 -0.004592 -0.000313
-6.340000 -0.266579 0.004642 0.000316
-6.300000 -0.266508 0.006748 0.000460
-6.260000 -0.266554 0.008818 0.000601
-6.220000 -0.266433 0.002919 0.000199
-6.180000 -0.266428 -0.000191 -0.000013
-6.140000 -0.266387 -0.003491 -0.000238
-6.100000 -0.266846 -0.004013 -0.000274
-6.060000 -0.267328 0.010892 0.000743
-6.020000 -0.267437 0.010558 0.000721
-5.980000 -0.266982 0.007729 0.000527
-5.940000 -0.266857 -0.002854 -0.000195
-5.900000 -0.267046 0.005507 0.000376
-5.860000 -0.267441 0.008528 0.000582
-5.820000 -0.267589 0.002997 0.000205
-5.780000 -0.267373 0.007865 0.000537
-5.740000 -0.267491 0.009194 0.000628
-5.700000 -0.267462 0.000165 0.000011
-5.660000 -0.267747 0.000894 0.000061
-5.620000 -0.267575 0.003483 0.000238
-5.580000 -0.267514 -0.001319 -0.000090
-5.540000 -0.267641 -0.005936 -0.000405
-5.500000 -0.267580 0.000905 0.000062
-5.460000 -0.267476 -0.003856 -0.000263
-5.420000 -0.267326 -0.006630 -0.000452
-5.380000 -0.267302 -0.003855 -0.000263
-5.340000 -0.267342 -0.005491 -0.000375
-5.300000 -0.266717 -0.010135 -0.000691
-5.260000 -0.266999 -0.004091 -0.000279
-5.220000 -0.267273 -0.000012 -0.000001
-5.180000 -0.267459 -0.008348 -0.000570
-5.140000 -0.267662 -0.007215 -0.000493
-5.100000 -0.266901 -0.014865 -0.001014
-5.060000 -0.266736 -0.002206 -0.000150
-5.020000 -0.266964 0.003466 0.000236
-4.980000 -0.266961 0.010440 0.000712
-4.940000 -0.267455 0.002062 0.000141
-4.900000 -0.267194 -0.002844 -0.000194
-4.860000 -0.267071 -0.001547 -0.000106
-4.820000 -0.267305 -0.003941 -0.000269
-4.780000 -0.267352 -0.005015 -0.000342
-4.740000 -0.267459 0.010214 0.000697
-4.700000 -0.267168 0.000672 0.000046
-4.660000 -0.267116 0.001427 0.000097
-4.620000 -0.267112 0.000719 0.000049
-4.580000 -0.266960 -0.005088 -0.000347
-4.540000 -0.267594 -0.008554 -0.000584
-4.500000 -0.267249 0.000443 0.000030
-4.460000 -0.267577 0.003656 0.000250
-4.420000 -0.267971 -0.011147 -0.000761
-4.380000 -0.267840 -0.011737 -0.000802
-4.340000 -0.268111 -0.010173 -0.000695
-4.300000 -0.267533 -0.009853 -0.000673
-4.260000 -0.267789 -0.000243 -0.000017
-4.220000 -0.267585 -0.008886 -0.000607
-4.180000 -0.267543 -0.002785 -0.000190
-4.140000 -0.267807 0.001046 0.000071
-4.100000 -0.267905 0.007831 0.000535
-4.060000 -0.267497 0.007093 0.000484
-4.020000 -0.267234 0.017902 0.001222
-3.980000 -0.267164 0.017694 0.001207
-3.940000 -0.267376 0.006611 0.000451
-3.900000 -0.267370 0.002252 0.000154
-3.860000 -0.267371 0.014440 0.000986
-3.820000 -0.267229 0.007595 0.000518
-3.780000 -0.267314 -0.003403 -0.000232
-3.740000 -0.267546 -0.005731 -0.000391
-3.700000 -0.267137 -0.003383 -0.000231
-3.660000 -0.266966 0.010050 0.000685
-3.620000 -0.267044 0.008285 0.000565
-3.580000 -0.267008 0.016074 0.001096
-3.540000 -0.266671 0.027161 0.001852
-3.500000 -0.266969 0.017733 0.001210
-3.460000 -0.266995 0.018832 0.001285
-3.420000 -0.266705 0.012805 0.000873
-3.380000 -0.267229 0.011262 0.000768
-3.340000 -0.267069 0.023832 0.001626
-3.300000 -0.267061 0.008792 0.000600
-3.260000 -0.266855 0.004316 0.000294
-3.220000 -0.266769 -0.000847 -0.000058
-3.180000 -0.266578 -0.003290 -0.000224
-3.140000 -0.266405 0.004951 0.000337
-3.100000 -0.266620 0.003188 0.000217
-3.060000 -0.266431 0.007015 0.000478
-3.020000 -0.266322 0.009888 0.000674
-2.980000 -0.266226 0.011095 0.000756
-2.940000 -0.266132 -0.003544 -0.000241
-2.900000 -0.266093 -0.002223 -0.000151
-2.860000 -0.266189 -0.006230 -0.000424
-2.820000 -0.266369 -0.004447 -0.000303
-2.780000 -0.265914 -0.004276 -0.000291
-2.740000 -0.266268 -0.001312 -0.000089
-2.700000 -0.265540 0.015878 0.001081
-2.660000 -0.265777 0.014964 0.001019
-2.620000 -0.265505 0.014742 0.001004
-2.580000 -0.265419 0.023504 0.001600
-2.540000 -0.265329 0.020589 0.001401
-2.500000 -0.265860 0.019986 0.001361
-2.460000 -0.265174 0.019971 0.001359
-2.420000 -0.264632 0.029619 0.002014
-2.380000 -0.264394 0.029269 0.001989
-2.340000 -0.264636 0.028670 0.001949
-2.300000 -0.264451 0.023521 0.001599
-2.260000 -0.264472 0.022121 0.001504
-2.220000 -0.264090 0.027556 0.001872
-2.180000 -0.263571 0.042296 0.002872
-2.140000 -0.263113 0.041825 0.002838
-2.100000 -0.262972 0.046613 0.003162
-2.060000 -0.262888 0.049752 0.003375
-2.020000 -0.262493 0.061539 0.004172
-1.980000 -0.262143 0.076004 0.005150
-1.940000 -0.262030 0.070735 0.004793
-1.900000 -0.261196 0.079884 0.005406
-1.860000 -0.261008 0.088558 0.005992
-1.820000 -0.260972 0.096773 0.006547
-1.780000 -0.260598 0.108505 0.007337
-1.740000 -0.259824 0.115704 0.007816
-1.700000 -0.259259 0.125002 0.008438
-1.660000 -0.258939 0.128107 0.008643
-1.620000 -0.257800 0.139907 0.009425
-1.580000 -0.256983 0.147550 0.009929
-1.540000 -0.256648 0.168593 0.011340
-1.500000 -0.255850 0.168610 0.011329
-1.460000 -0.255110 0.188398 0.012646
-1.420000 -0.254125 0.200519 0.013442
-1.380000 -0.253195 0.222902 0.014924
-1.340000 -0.251925 0.248281 0.016595
-1.300000 -0.250315 0.268649 0.017917
-1.260000 -0.249773 0.304209 0.020274
-1.220000 -0.248626 0.323174 0.021506
-1.180000 -0.247489 0.360200 0.023933
-1.140000 -0.245974 0.397766 0.026376
-1.100000 -0.244326 0.420613 0.027830
-1.060000 -0.243000 0.462635 0.030557
-1.020000 -0.241390 0.503316 0.033174
-0.980000 -0.239492 0.553707 0.036404
-0.940000 -0.237208 0.605144 0.039666
-0.900000 -0.234928 0.663949 0.043391
-0.860000 -0.232558 0.726813 0.047353
-0.820000 -0.229536 0.806739 0.052354
-0.780000 -0.226067 0.896232 0.057901
-0.740000 -0.222666 0.986422 0.063449
-0.700000 -0.219130 1.085381 0.069498
-0.660000 -0.215230 1.200878 0.076511
-0.620000 -0.210719 1.340130 0.084896
-0.580000 -0.205269 1.499734 0.094355
-0.540000 -0.199545 1.670517 0.104348
-0.500000 -0.193570 1.865604 0.115671
-0.460000 -0.186234 2.082459 0.127952
-0.420000 -0.177942 2.340555 0.142359
-0.380000 -0.168218 2.651687 0.159398
-0.340000 -0.157341 3.009878 0.178594
-0.300000 -0.144821 3.432332 0.200679
-0.260000 -0.130565 3.954457 0.227415
-0.220000 -0.114062 4.565294 0.257653
-0.180000 -0.094642 5.341497 0.294994
-0.140000 -0.070157 6.311374 0.339378
-0.100000 -0.039737 7.587989 0.395100
-0.060000 -0.002607 9.327193 0.467579
-0.020000 0.047860 11.902972 0.567966
0.020000 0.079208 -7.401054 -0.342893
0.060000 0.092006 -6.488726 -0.297101
0.100000 0.103415 -5.781389 -0.261977
0.140000 0.113615 -5.202053 -0.233566
0.180000 0.123397 -4.707000 -0.209499
0.220000 0.132761 -4.276759 -0.188776
0.260000 0.141303 -3.896339 -0.170697
0.300000 0.149208 -3.553131 -0.154590
0.340000 0.156626 -3.260381 -0.140944
0.380000 0.163366 -3.005943 -0.129192
0.420000 0.170200 -2.739972 -0.117073
0.460000 0.176564 -2.507005 -0.106539
0.500000 0.182086 -2.300338 -0.097300
0.540000 0.187226 -2.127438 -0.089597
0.580000 0.192228 -1.958805 -0.082149
0.620000 0.196777 -1.819076 -0.075999
0.660000 0.201648 -1.679036 -0.069864
0.700000 0.205613 -1.533684 -0.063606
0.740000 0.209515 -1.401920 -0.057954
0.780000 0.212786 -1.292062 -0.053268
0.820000 0.216383 -1.189392 -0.048890
0.860000 0.219728 -1.096356 -0.044943
0.900000 0.223731 -1.009183 -0.041234
0.940000 0.225941 -0.936506 -0.038195
0.980000 0.228353 -0.874609 -0.035601
1.020000 0.230789 -0.794724 -0.032285
1.060000 0.233066 -0.737001 -0.029885
1.100000 0.235874 -0.689552 -0.027897
1.140000 0.237932 -0.635406 -0.025664
1.180000 0.239669 -0.591309 -0.023849
1.220000 0.241097 -0.545458 -0.021975
1.260000 0.242536 -0.486867 -0.019592
1.300000 0.244586 -0.456106 -0.018324
1.340000 0.245510 -0.420084 -0.016864
1.380000 0.246855 -0.382074 -0.015321
1.420000 0.248811 -0.360930 -0.014451
1.460000 0.250120 -0.335559 -0.013421
1.500000 0.250445 -0.311324 -0.012449
1.540000 0.251749 -0.284408 -0.011360
1.580000 0.253031 -0.251444 -0.010033
1.620000 0.253502 -0.239321 -0.009546
1.660000 0.254549 -0.228021 -0.009088
1.700000 0.255164 -0.201688 -0.008034
1.740000 0.256278 -0.181463 -0.007222
1.780000 0.256708 -0.164517 -0.006546
1.820000 0.257522 -0.153014 -0.006084
1.860000 0.258194 -0.136047 -0.005406
1.900000 0.258493 -0.126597 -0.005030
1.940000 0.258649 -0.122026 -0.004848
1.980000 0.259091 -0.114774 -0.004558
2.020000 0.259943 -0.102675 -0.004075
2.060000 0.260835 -0.100648 -0.003991
2.100000 0.260638 -0.101218 -0.004015
2.140000 0.261066 -0.100296 -0.003977
2.180000 0.261154 -0.093596 -0.003711
2.220000 0.261433 -0.082661 -0.003276
2.260000 0.261819 -0.088128 -0.003492
2.300000 0.262039 -0.087557 -0.003469
2.340000 0.262123 -0.084739 -0.003357
2.380000 0.262348 -0.075858 -0.003005
2.420000 0.262724 -0.060030 -0.002377
2.460000 0.263088 -0.056645 -0.002242
2.500000 0.263598 -0.066833 -0.002645
2.540000 0.263913 -0.056457 -0.002233
2.580000 0.263644 -0.048874 -0.001934
2.620000 0.263703 -0.043014 -0.001702
2.660000 0.263976 -0.022460 -0.000888
2.700000 0.264165 -0.025461 -0.001007
2.740000 0.264484 -0.029890 -0.001182
2.780000 0.264730 -0.037391 -0.001478
2.820000 0.264913 -0.041208 -0.001629
2.860000 0.264796 -0.035830 -0.001416
2.900000 0.265365 -0.036114 -0.001427
2.940000 0.265346 -0.024645 -0.000974
2.980000 0.265361 -0.028389 -0.001122
3.020000 0.265147 -0.013772 -0.000544
3.060000 0.265791 -0.017153 -0.000678
3.100000 0.265539 -0.029410 -0.001162
3.140000 0.265506 -0.023525 -0.000929
3.180000 0.265609 -0.011245 -0.000444
3.220000 0.266085 -0.007987 -0.000315
3.260000 0.266477 -0.020528 -0.000810
3.300000 0.266744 -0.019964 -0.000788
3.340000 0.266918 -0.010638 -0.000420
3.380000 0.266704 -0.003325 -0.000131
3.420000 0.267161 -0.011191 -0.000442
3.460000 0.266956 -0.001300 -0.000051
3.500000 0.267585 0.002366 0.000093
3.540000 0.267249 -0.003925 -0.000155
3.580000 0.267764 -0.006722 -0.000265
3.620000 0.267576 -0.012073 -0.000476
3.660000 0.267538 -0.015075 -0.000595
3.700000 0.267854 -0.020148 -0.000795
3.740000 0.266928 -0.012503 -0.000493
3.780000 0.266925 -0.013546 -0.000535
3.820000 0.267194 -0.004288 -0.000169
3.860000 0.266870 -0.005666 -0.000224
3.900000 0.267239 0.002066 0.000082
3.940000 0.267100 -0.013355 -0.000527
3.980000 0.267679 -0.003946 -0.000156
4.020000 0.267279 -0.018447 -0.000728
4.060000 0.266690 -0.004349 -0.000172
4.100000 0.266382 -0.011724 -0.000463
4.140000 0.266793 0.003349 0.000132
4.180000 0.267316 -0.012369 -0.000488
4.220000 0.267098 -0.007291 -0.000288
4.260000 0.267102 -0.004963 -0.000196
4.300000 0.266983 -0.005150 -0.000203
4.340000 0.266940 -0.008215 -0.000324
4.380000 0.266962 -0.023644 -0.000933
4.420000 0.266887 -0.009312 -0.000368
4.460000 0.266990 -0.014036 -0.000554
4.500000 0.267370 -0.011462 -0.000452
4.540000 0.267181 -0.005855 -0.000231
4.580000 0.266988 -0.005093 -0.000201
4.620000 0.267027 0.004117 0.000162
4.660000 0.266813 -0.009286 -0.000367
4.700000 0.267295 -0.003750 -0.000148
4.740000 0.267182 -0.000890 -0.000035
4.780000 0.267270 -0.000674 -0.000027
4.820000 0.266907 0.000862 0.000034
4.860000 0.266580 -0.003789 -0.000150
4.900000 0.267005 0.008789 0.000347
4.940000 0.266833 0.002521 0.000100
4.980000 0.266897 -0.007815 -0.000308
5.020000 0.266800 -0.001461 -0.000058
5.060000 0.266943 0.003786 0.000149
5.100000 0.267171 0.005525 0.000218
5.140000 0.266741 0.002613 0.000103
5.180000 0.267399 0.000526 0.000021
5.220000 0.267558 0.002456 0.000097
5.260000 0.267343 0.008899 0.000351
5.300000 0.266783 0.011966 0.000472
5.340000 0.267849 0.008601 0.000339
5.380000 0.267959 0.001608 0.000063
5.420000 0.268523 0.006525 0.000257
5.460000 0.268120 -0.000278 -0.000011
5.500000 0.267398 -0.007846 -0.000310
5.540000 0.267797 -0.006995 -0.000276
5.580000 0.267815 -0.000171 -0.000007
5.620000 0.268259 -0.008249 -0.000325
5.660000 0.268089 0.007237 0.000285
5.700000 0.267686 0.004694 0.000185
5.740000 0.267583 0.004774 0.000188
5.780000 0.267469 0.014545 0.000574
5.820000 0.267822 0.014154 0.000558
5.860000 0.268366 0.017378 0.000685
5.900000 0.268191 0.017114 0.000675
5.940000 0.267611 0.024136 0.000952
5.980000 0.267351 0.010816 0.000427
6.020000 0.267361 -0.006730 -0.000265
6.060000 0.267061 0.003836 0.000151
6.100000 0.266507 -0.000230 -0.000009
6.140000 0.266766 0.019415 0.000766
6.180000 0.267420 0.020062 0.000791
6.220000 0.266764 0.016616 0.000656
6.260000 0.266758 0.015098 0.000596
6.300000 0.266512 0.006056 0.000239
6.340000 0.266821 0.011535 0.000455
6.380000 0.267283 0.013672 0.000539
6.420000 0.266970 0.007397 0.000292
6.460000 0.266834 0.002251 0.000089
6.500000 0.267072 -0.005636 -0.000222
6.540000 0.266270 0.005738 0.000227
6.580000 0.266711 -0.005516 -0.000218
6.620000 0.266271 -0.003940 -0.000156
6.660000 0.266048 -0.008860 -0.000350
6.700000 0.266489 0.001485 0.000059
6.740000 0.265713 -0.002730 -0.000108
6.780000 0.266382 -0.017585 -0.000694
6.820000 0.266202 -0.015812 -0.000624
6.860000 0.265659 -0.020755 -0.000820
6.900000 0.265196 -0.012095 -0.000478
6.940000 0.265145 -0.013230 -0.000523
6.980000 0.265844 -0.017126 -0.000676
7.020000 0.265734 -0.026133 -0.001032
7.060000 0.265713 -0.019290 -0.000762
7.100000 0.265643 -0.021477 -0.000848
7.140000 0.265540 -0.021256 -0.000840
7.180000 0.265826 -0.024950 -0.000986
7.220000 0.264836 -0.032371 -0.001280
7.260000 0.264448 -0.032888 -0.001300
7.300000 0.264589 -0.037555 -0.001485
7.340000 0.264309 -0.024264 -0.000960
7.380000 0.264227 -0.033513 -0.001325
7.420000 0.263650 -0.037062 -0.001466
7.460000 0.263501 -0.041610 -0.001647
7.500000 0.263130 -0.049520 -0.001960
7.540000 0.262816 -0.064760 -0.002564
7.580000 0.262702 -0.055678 -0.002205
7.620000 0.262538 -0.068914 -0.002729
7.660000 0.261951 -0.077863 -0.003085
7.700000 0.261997 -0.081850 -0.003243
7.740000 0.261884 -0.081083 -0.003213
7.780000 0.262290 -0.083667 -0.003314
7.820000 0.261517 -0.089255 -0.003538
7.860000 0.261067 -0.091237 -0.003617
7.900000 0.260230 -0.104270 -0.004137
7.940000 0.260117 -0.115587 -0.004586
7.980000 0.259563 -0.128938 -0.005118
8.020000 0.258785 -0.128153 -0.005090
8.060000 0.258331 -0.135244 -0.005374
8.100000 0.258514 -0.140716 -0.005591
8.140000 0.258471 -0.148597 -0.005904
8.180000 0.257837 -0.170914 -0.006794
8.220000 0.256961 -0.192093 -0.007641
8.260000 0.256232 -0.216287 -0.008609
8.300000 0.255234 -0.213697 -0.008512
8.340000 0.254218 -0.231847 -0.009243
8.380000 0.253303 -0.242461 -0.009673
8.420000 0.252753 -0.254613 -0.010162
8.460000 0.252030 -0.287629 -0.011486
8.500000 0.250968 -0.306993 -0.012270
8.540000 0.250128 -0.325231 -0.013008
8.580000 0.248770 -0.375130 -0.015020
8.620000 0.247153 -0.397303 -0.015928
8.660000 0.246519 -0.433880 -0.017404
8.700000 0.244580 -0.469296 -0.018854
8.740000 0.243138 -0.506253 -0.020362
8.780000 0.241673 -0.540562 -0.021767
8.820000 0.239589 -0.583783 -0.023547
8.860000 0.237742 -0.641755 -0.025924
8.900000 0.235918 -0.679059 -0.027472
8.940000 0.232991 -0.740117 -0.030013
8.980000 0.230411 -0.801189 -0.032558
9.020000 0.227794 -0.875284 -0.035645
9.060000 0.225945 -0.937757 -0.038246
9.100000 0.222688 -1.014712 -0.041495
9.140000 0.219876 -1.097306 -0.044976
9.180000 0.216950 -1.200262 -0.049314
9.220000 0.213354 -1.309645 -0.053968
9.260000 0.210083 -1.415663 -0.058494
9.300000 0.206480 -1.539585 -0.063805
9.340000 0.202120 -1.660265 -0.069056
9.380000 0.197325 -1.788280 -0.074678
9.420000 0.192840 -1.945942 -0.081568
9.460000 0.187471 -2.129198 -0.089653
9.500000 0.181811 -2.319276 -0.098124
9.540000 0.176671 -2.513975 -0.106826
9.580000 0.170384 -2.730896 -0.116667
9.620000 0.163756 -2.978284 -0.127960
9.660000 0.157227 -3.250387 -0.140439
9.700000 0.149588 -3.551944 -0.154488
9.740000 0.141213 -3.892606 -0.170547
9.780000 0.132867 -4.274627 -0.188664
9.820000 0.123336 -4.724458 -0.210287
9.860000 0.114129 -5.208535 -0.233749
9.900000 0.102918 -5.793137 -0.262628
9.940000 0.090711 -6.476341 -0.296886
9.980000 0.078065 -7.381343 -0.342342
