-9.980000 -0.0045884
-9.940000 -0.0153386
-9.900000 -0.0209604
-9.860000 -0.0241176
-9.820000 -0.0264705
-9.780000 -0.0275361
-9.740000 -0.0287353
-9.700000 -0.0291382
-9.660000 -0.0294003
-9.620000 -0.0301277
-9.580000 -0.0302317
-9.540000 -0.0304181
-9.500000 -0.0308453
-9.460000 -0.0311881
-9.420000 -0.0306032
-9.380000 -0.0310121
-9.340000 -0.0311605
-9.300000 -0.0308013
-9.260000 -0.0306297
-9.220000 -0.0307526
-9.180000 -0.0306696
-9.140000 -0.0306021
-9.100000 -0.0307354
-9.060000 -0.0306585
-9.020000 -0.0303283
-8.980000 -0.0304425
-8.940000 -0.0306536
-8.900000 -0.0302572
-8.860000 -0.0306446
-8.820000 -0.0308614
-8.780000 -0.0309715
-8.740000 -0.0309137
-8.700000 -0.0311216
-8.660000 -0.0313309
-8.620000 -0.0312882
-8.580000 -0.0309079
-8.540000 -0.0307719
-8.500000 -0.0307218
-8.460000 -0.0308977
-8.420000 -0.0308825
-8.380000 -0.0308404
-8.340000 -0.030718
-8.300000 -0.0312818
-8.260000 -0.0311437
-8.220000 -0.0309277
-8.180000 -0.0304778
-8.140000 -0.0306741
-8.100000 -0.0303073
-8.060000 -0.0306798
-8.020000 -0.0303416
-7.980000 -0.0302939
-7.940000 -0.0308158
-7.900000 -0.0303866
-7.860000 -0.0301606
-7.820000 -0.0308809
-7.780000 -0.0308843
-7.740000 -0.0307309
-7.700000 -0.0311673
-7.660000 -0.0306436
-7.620000 -0.030861
-7.580000 -0.0307118
-7.540000 -0.0308805
-7.500000 -0.0305705
-7.460000 -0.0304126
-7.420000 -0.03008
-7.380000 -0.0299881
-7.340000 -0.0302515
-7.300000 -0.0299788
-7.260000 -0.0306554
-7.220000 -0.0305983
-7.180000 -0.0301754
-7.140000 -0.0298478
-7.100000 -0.0301373
-7.060000 -0.0299488
-7.020000 -0.0294782
-6.980000 -0.0293817
-6.940000 -0.0293587
-6.900000 -0.0293099
-6.860000 -0.0294947
-6.820000 -0.0295392
-6.780000 -0.0301881
-6.740000 -0.0302961
-6.700000 -0.0302198
-6.660000 -0.0301794
-6.620000 -0.030092
-6.580000 -0.0301456
-6.540000 -0.0302376
-6.500000 -0.0299414
-6.460000 -0.0297503
-6.420000 -0.0294769
-6.380000 -0.0295976
-6.340000 -0.0294709
-6.300000 -0.0293591
-6.260000 -0.0296007
-6.220000 -0.0296925
-6.180000 -0.0290762
-6.140000 -0.0296132
-6.100000 -0.0294299
-6.060000 -0.0294789
-6.020000 -0.0294742
-5.980000 -0.0296805
-5.940000 -0.0297846
-5.900000 -0.0297937
-5.860000 -0.0298884
-5.820000 -0.0294144
-5.780000 -0.0291508
-5.740000 -0.0297929
-5.700000 -0.029698
-5.660000 -0.0292769
-5.620000 -0.029798
-5.580000 -0.0301324
-5.540000 -0.0298265
-5.500000 -0.0295919
-5.460000 -0.029984
-5.420000 -0.0302252
-5.380000 -0.0300522
-5.340000 -0.0298168
-5.300000 -0.030149
-5.260000 -0.0303235
-5.220000 -0.0302371
-5.180000 -0.029986
-5.140000 -0.0297959
-5.100000 -0.0296686
-5.060000 -0.0294992
-5.020000 -0.0297836
-4.980000 -0.0301129
-4.940000 -0.0302225
-4.900000 -0.0300293
-4.860000 -0.0300919
-4.820000 -0.0301786
-4.780000 -0.0303949
-4.740000 -0.0301525
-4.700000 -0.0301532
-4.660000 -0.0303196
-4.620000 -0.0301991
-4.580000 -0.0307488
-4.540000 -0.031236
-4.500000 -0.030836
-4.460000 -0.0306201
-4.420000 -0.030223
-4.380000 -0.030275
-4.340000 -0.0306129
-4.300000 -0.0304786
-4.260000 -0.0301871
-4.220000 -0.0298858
-4.180000 -0.0299356
-4.140000 -0.0298466
-4.100000 -0.0300032
-4.060000 -0.029829
-4.020000 -0.0290346
-3.980000 -0.029102
-3.940000 -0.029451
-3.900000 -0.0297019
-3.860000 -0.0296086
-3.820000 -0.0300797
-3.780000 -0.0296824
-3.740000 -0.0295408
-3.700000 -0.0300126
-3.660000 -0.0298778
-3.620000 -0.0301111
-3.580000 -0.0296768
-3.540000 -0.0296399
-3.500000 -0.0293419
-3.460000 -0.0292241
-3.420000 -0.0289288
-3.380000 -0.0290572
-3.340000 -0.0286923
-3.300000 -0.0292773
-3.260000 -0.0293977
-3.220000 -0.0293293
-3.180000 -0.0289881
-3.140000 -0.0294121
-3.100000 -0.0295762
-3.060000 -0.0296129
-3.020000 -0.0291686
-2.980000 -0.0296636
-2.940000 -0.0290107
-2.900000 -0.0293826
-2.860000 -0.0296995
-2.820000 -0.0296882
-2.780000 -0.0292769
-2.740000 -0.0291511
-2.700000 -0.029268
-2.660000 -0.0291311
-2.620000 -0.029277
-2.580000 -0.0289702
-2.540000 -0.0291701
-2.500000 -0.0292146
-2.460000 -0.0292112
-2.420000 -0.0287185
-2.380000 -0.0290887
-2.340000 -0.0290311
-2.300000 -0.0289902
-2.260000 -0.0287585
-2.220000 -0.028974
-2.180000 -0.029527
-2.140000 -0.0293904
-2.100000 -0.029127
-2.060000 -0.0293949
-2.020000 -0.0293941
-1.980000 -0.0292345
-1.940000 -0.0287382
-1.900000 -0.0288561
-1.860000 -0.0288165
-1.820000 -0.029208
-1.780000 -0.0291187
-1.740000 -0.0288669
-1.700000 -0.0291681
-1.660000 -0.0283857
-1.620000 -0.0283421
-1.580000 -0.0281208
-1.540000 -0.0286851
-1.500000 -0.0286376
-1.460000 -0.0290263
-1.420000 -0.0291535
-1.380000 -0.0292166
-1.340000 -0.0289718
-1.300000 -0.0283393
-1.260000 -0.0282007
-1.220000 -0.0286525
-1.180000 -0.0289988
-1.140000 -0.0289152
-1.100000 -0.0288453
-1.060000 -0.029121
-1.020000 -0.0293154
-0.980000 -0.0293134
-0.940000 -0.0293386
-0.900000 -0.0283216
-0.860000 -0.0280782
-0.820000 -0.0284797
-0.780000 -0.0282941
-0.740000 -0.0285413
-0.700000 -0.0281052
-0.660000 -0.0284139
-0.620000 -0.0284555
-0.580000 -0.02867
-0.540000 -0.0288346
-0.500000 -0.0286243
-0.460000 -0.0285097
-0.420000 -0.0281886
-0.380000 -0.0282948
-0.340000 -0.0274992
-0.300000 -0.0277351
-0.260000 -0.0274036
-0.220000 -0.0262446
-0.180000 -0.0248988
-0.140000 -0.0224723
-0.100000 -0.0195488
-0.060000 -0.0137962
-0.020000 -0.00313803
0.020000 0.00929936
0.060000 0.0175269
0.100000 0.0217234
0.140000 0.0248679
0.180000 0.0268336
0.220000 0.0280932
0.260000 0.0285899
0.300000 0.0290525
0.340000 0.0294501
0.380000 0.0293767
0.420000 0.0294924
0.460000 0.0295051
0.500000 0.029439
0.540000 0.0292743
0.580000 0.0293582
0.620000 0.0292548
0.660000 0.029766
0.700000 0.0297388
0.740000 0.0304105
0.780000 0.0296324
0.820000 0.0299466
0.860000 0.0300609
0.900000 0.0306841
0.940000 0.0307831
0.980000 0.0306278
1.020000 0.0307295
1.060000 0.0305744
1.100000 0.0309258
1.140000 0.0307441
1.180000 0.0304605
1.220000 0.0306323
1.260000 0.0302222
1.300000 0.0303126
1.340000 0.0304146
1.380000 0.0300662
1.420000 0.03028
1.460000 0.0311101
1.500000 0.030921
1.540000 0.0303207
1.580000 0.0303358
1.620000 0.0310089
1.660000 0.0307027
1.700000 0.0305951
1.740000 0.0306372
1.780000 0.030705
1.820000 0.0306121
1.860000 0.0303216
1.900000 0.0306688
1.940000 0.0303745
1.980000 0.0310008
2.020000 0.0306106
2.060000 0.0302755
2.100000 0.0302493
2.140000 0.0303052
2.180000 0.0302914
2.220000 0.030455
2.260000 0.0307364
2.300000 0.0305069
2.340000 0.0306679
2.380000 0.0302343
2.420000 0.0305599
2.460000 0.0307628
2.500000 0.0301684
2.540000 0.0305446
2.580000 0.0301543
2.620000 0.0301786
2.660000 0.0305903
2.700000 0.0304191
2.740000 0.0306
2.780000 0.0302094
2.820000 0.03055
2.860000 0.0299696
2.900000 0.0299584
2.940000 0.030223
2.980000 0.0305215
3.020000 0.0304227
3.060000 0.0304797
3.100000 0.0300896
3.140000 0.0303509
3.180000 0.0304967
3.220000 0.0301235
3.260000 0.0298472
3.300000 0.0298175
3.340000 0.0303148
3.380000 0.0302466
3.420000 0.0299698
3.460000 0.0302533
3.500000 0.0297636
3.540000 0.0299448
3.580000 0.0299874
3.620000 0.0302927
3.660000 0.0297674
3.700000 0.029979
3.740000 0.0299552
3.780000 0.029733
3.820000 0.0295376
3.860000 0.0300253
3.900000 0.0299485
3.940000 0.0304357
3.980000 0.0304638
4.020000 0.0299773
4.060000 0.0300227
4.100000 0.0299995
4.140000 0.0298364
4.180000 0.0299111
4.220000 0.0299319
4.260000 0.030202
4.300000 0.0299594
4.340000 0.0298617
4.380000 0.0300547
4.420000 0.0301889
4.460000 0.0300404
4.500000 0.030355
4.540000 0.0299597
4.580000 0.030382
4.620000 0.0300194
4.660000 0.0299438
4.700000 0.0299072
4.740000 0.0294544
4.780000 0.0302703
4.820000 0.0298425
4.860000 0.0297546
4.900000 0.0295072
4.940000 0.0289147
4.980000 0.0291943
5.020000 0.029757
5.060000 0.0294887
5.100000 0.0292679
5.140000 0.0298072
5.180000 0.0294669
5.220000 0.0293383
5.260000 0.0294557
5.300000 0.0288935
5.340000 0.0289619
5.380000 0.0289554
5.420000 0.0287437
5.460000 0.0292981
5.500000 0.0300495
5.540000 0.029217
5.580000 0.0287557
5.620000 0.0290698
5.660000 0.0292741
5.700000 0.0296907
5.740000 0.0293451
5.780000 0.0292356
5.820000 0.0291341
5.860000 0.0291238
5.900000 0.0291599
5.940000 0.0291958
5.980000 0.0297757
6.020000 0.0293596
6.060000 0.0294561
6.100000 0.0296706
6.140000 0.0295592
6.180000 0.0299135
6.220000 0.0299444
6.260000 0.0294834
6.300000 0.0294582
6.340000 0.029333
6.380000 0.0299427
6.420000 0.030092
6.460000 0.0298676
6.500000 0.0297281
6.540000 0.0296214
6.580000 0.0294275
6.620000 0.0297052
6.660000 0.0297936
6.700000 0.0296885
6.740000 0.0293614
6.780000 0.0291158
6.820000 0.0290994
6.860000 0.0297067
6.900000 0.0289867
6.940000 0.0290085
6.980000 0.0294926
7.020000 0.0293547
7.060000 0.0300693
7.100000 0.0300283
7.140000 0.0298538
7.180000 0.0296339
7.220000 0.029291
7.260000 0.0290642
7.300000 0.0284446
7.340000 0.0288216
7.380000 0.0288263
7.420000 0.029424
7.460000 0.0291879
7.500000 0.0294604
7.540000 0.0287282
7.580000 0.0288243
7.620000 0.0290592
7.660000 0.0290792
7.700000 0.0287971
7.740000 0.0287429
7.780000 0.0284002
7.820000 0.0284052
7.860000 0.0281182
7.900000 0.0281833
7.940000 0.0288772
7.980000 0.0286434
8.020000 0.0287352
8.060000 0.0286128
8.100000 0.0287688
8.140000 0.0289034
8.180000 0.0284838
8.220000 0.0285694
8.260000 0.0282486
8.300000 0.0287569
8.340000 0.0290838
8.380000 0.029725
8.420000 0.0300186
8.460000 0.030074
8.500000 0.0297065
8.540000 0.0299005
8.580000 0.0293282
8.620000 0.029305
8.660000 0.0298555
8.700000 0.0301675
8.740000 0.0301448
8.780000 0.0297457
8.820000 0.0294407
8.860000 0.0289695
8.900000 0.029121
8.940000 0.0290963
8.980000 0.0288481
9.020000 0.0292363
9.060000 0.0295936
9.100000 0.0295765
9.140000 0.0298268
9.180000 0.0296633
9.220000 0.0298005
9.260000 0.0294112
9.300000 0.0289879
9.340000 0.0287484
9.380000 0.0281692
9.420000 0.028479
9.460000 0.0281945
9.500000 0.0284237
9.540000 0.0290314
9.580000 0.0285394
9.620000 0.0277401
9.660000 0.0272594
9.700000 0.0274782
9.740000 0.0268336
9.780000 0.0264507
9.820000 0.0253611
9.860000 0.0231744
9.900000 0.0202933
9.940000 0.015239
9.980000 0.0074852
