-24.950000 0.003034 1.012822 0.050488
-24.850000 0.002059 0.939235 0.046865
-24.750000 -0.000590 0.876494 0.043851
-24.650000 -0.001221 0.819551 0.041028
-24.550000 -0.002690 0.773652 0.038787
-24.450000 -0.003950 0.720263 0.036156
-24.350000 -0.005655 0.688080 0.034600
-24.250000 -0.007429 0.644555 0.032469
-24.150000 -0.008913 0.615331 0.031043
-24.050000 -0.010170 0.577291 0.029161
-23.950000 -0.012138 0.521057 0.026373
-23.850000 -0.012777 0.494524 0.025046
-23.750000 -0.014264 0.469947 0.023837
-23.650000 -0.014408 0.448142 0.022735
-23.550000 -0.015125 0.409232 0.020776
-23.450000 -0.016486 0.386293 0.019638
-23.350000 -0.016881 0.375800 0.019113
-23.250000 -0.017385 0.356444 0.018138
-23.150000 -0.018472 0.340873 0.017364
-23.050000 -0.019646 0.321663 0.016405
-22.950000 -0.020659 0.317575 0.016214
-22.850000 -0.020628 0.307727 0.015710
-22.750000 -0.021139 0.293495 0.014992
-22.650000 -0.021899 0.276386 0.014129
-22.550000 -0.022496 0.272255 0.013926
-22.450000 -0.023626 0.242912 0.012440
-22.350000 -0.024278 0.222379 0.011396
-22.250000 -0.024812 0.223844 0.011477
-22.150000 -0.025034 0.204857 0.010506
-22.050000 -0.025852 0.196066 0.010063
-21.950000 -0.025724 0.204980 0.010520
-21.850000 -0.026020 0.208609 0.010709
-21.750000 -0.025769 0.201039 0.010318
-21.650000 -0.026395 0.191640 0.009842
-21.550000 -0.026743 0.163764 0.008413
-21.450000 -0.027078 0.139542 0.007171
-21.350000 -0.028038 0.139876 0.007196
-21.250000 -0.028470 0.122004 0.006279
-21.150000 -0.029153 0.122486 0.006308
-21.050000 -0.028698 0.121308 0.006245
-20.950000 -0.029411 0.108202 0.005574
-20.850000 -0.030124 0.111058 0.005725
-20.750000 -0.030156 0.095007 0.004898
-20.650000 -0.029911 0.104477 0.005385
-20.550000 -0.030751 0.098576 0.005085
-20.450000 -0.031236 0.084938 0.004384
-20.350000 -0.031289 0.077174 0.003983
-20.250000 -0.031965 0.084507 0.004365
-20.150000 -0.032359 0.049764 0.002571
-20.050000 -0.032831 0.054885 0.002837
-19.950000 -0.032978 0.035212 0.001821
-19.850000 -0.032461 0.032354 0.001672
-19.750000 -0.032862 0.043742 0.002261
-19.650000 -0.033179 0.050456 0.002609
-19.550000 -0.033088 0.043722 0.002261
-19.450000 -0.032220 0.047354 0.002447
-19.350000 -0.033195 0.057365 0.002967
-19.250000 -0.033439 0.059939 0.003101
-19.150000 -0.033730 0.056491 0.002923
-19.050000 -0.033877 0.054086 0.002799
-18.950000 -0.033377 0.063919 0.003306
-18.850000 -0.033838 0.070398 0.003643
-18.750000 -0.033608 0.067310 0.003483
-18.650000 -0.033750 0.069147 0.003578
-18.550000 -0.034033 0.073644 0.003812
-18.450000 -0.034098 0.075632 0.003915
-18.350000 -0.032984 0.061507 0.003180
-18.250000 -0.034062 0.060703 0.003142
-18.150000 -0.033736 0.053780 0.002783
-18.050000 -0.033881 0.067163 0.003476
-17.950000 -0.034853 0.044613 0.002311
-17.850000 -0.035003 0.033930 0.001758
-17.750000 -0.035504 0.024376 0.001264
-17.650000 -0.035599 0.021793 0.001130
-17.550000 -0.034580 0.029237 0.001514
-17.450000 -0.035825 0.027081 0.001404
-17.350000 -0.035323 0.020713 0.001074
-17.250000 -0.034643 0.023969 0.001241
-17.150000 -0.034854 0.023914 0.001239
-17.050000 -0.035038 0.029286 0.001517
-16.950000 -0.035126 0.016145 0.000837
-16.850000 -0.035034 0.036090 0.001870
-16.750000 -0.036131 0.013627 0.000707
-16.650000 -0.036504 0.005648 0.000293
-16.550000 -0.037944 0.004676 0.000243
-16.450000 -0.037995 0.019179 0.000997
-16.350000 -0.036998 0.029498 0.001532
-16.250000 -0.037850 0.042955 0.002232
-16.150000 -0.038142 0.044452 0.002311
-16.050000 -0.037678 0.045489 0.002363
-15.950000 -0.038566 0.056874 0.002958
-15.850000 -0.037834 0.051154 0.002658
-15.750000 -0.037719 0.028750 0.001494
-15.650000 -0.037859 0.036763 0.001910
-15.550000 -0.038222 0.029226 0.001519
-15.450000 -0.038130 0.010425 0.000542
-15.350000 -0.037905 0.000530 0.000028
-15.250000 -0.038236 0.018060 0.000939
-15.150000 -0.038073 0.025109 0.001305
-15.050000 -0.038353 0.020097 0.001045
-14.950000 -0.037701 0.010550 0.000548
-14.850000 -0.037093 0.015284 0.000794
-14.750000 -0.037616 0.003410 0.000177
-14.650000 -0.036948 -0.006421 -0.000333
-14.550000 -0.037102 0.002853 0.000148
-14.450000 -0.037191 0.008323 0.000432
-14.350000 -0.036973 0.013121 0.000681
-14.250000 -0.037475 0.004855 0.000252
-14.150000 -0.037028 0.012635 0.000656
-14.050000 -0.037634 0.015468 0.000804
-13.950000 -0.037338 0.017523 0.000910
-13.850000 -0.037180 -0.007552 -0.000392
-13.750000 -0.037491 0.002970 0.000154
-13.650000 -0.035816 -0.001331 -0.000069
-13.550000 -0.036549 -0.002140 -0.000111
-13.450000 -0.036760 0.005230 0.000271
-13.350000 -0.037701 0.006857 0.000356
-13.250000 -0.037590 0.025973 0.001349
-13.150000 -0.037614 0.016227 0.000843
-13.050000 -0.037196 0.016559 0.000860
-12.950000 -0.036602 0.032470 0.001685
-12.850000 -0.036277 0.046484 0.002412
-12.750000 -0.036830 0.026519 0.001377
-12.650000 -0.037130 0.027004 0.001402
-12.550000 -0.036012 0.033641 0.001745
-12.450000 -0.036581 0.047470 0.002464
-12.350000 -0.036736 0.045651 0.002370
-12.250000 -0.037082 0.055782 0.002897
-12.150000 -0.036172 0.053062 0.002753
-12.050000 -0.036726 0.055618 0.002887
-11.950000 -0.036017 0.047426 0.002460
-11.850000 -0.035407 0.063200 0.003276
-11.750000 -0.035647 0.065132 0.003377
-11.650000 -0.034862 0.067763 0.003511
-11.550000 -0.035271 0.052705 0.002732
-11.450000 -0.035365 0.060186 0.003120
-11.350000 -0.035407 0.069738 0.003615
-11.250000 -0.034628 0.061120 0.003166
-11.150000 -0.034741 0.045583 0.002361
-11.050000 -0.035654 0.048120 0.002495
-10.950000 -0.035521 0.051430 0.002666
-10.850000 -0.035575 0.053004 0.002748
-10.750000 -0.035491 0.061151 0.003170
-10.650000 -0.035481 0.065139 0.003377
-10.550000 -0.035194 0.054099 0.002804
-10.450000 -0.035537 0.045102 0.002338
-10.350000 -0.035929 0.037395 0.001939
-10.250000 -0.035007 0.033823 0.001753
-10.150000 -0.035448 0.046810 0.002427
-10.050000 -0.036122 0.061287 0.003179
-9.950000 -0.034895 0.042378 0.002196
-9.850000 -0.035130 0.047420 0.002457
-9.750000 -0.035077 0.027801 0.001441
-9.650000 -0.035123 0.039494 0.002047
-9.550000 -0.035044 0.057500 0.002979
-9.450000 -0.035521 0.054138 0.002807
-9.350000 -0.034796 0.053562 0.002775
-9.250000 -0.035019 0.045501 0.002358
-9.150000 -0.035335 0.069094 0.003581
-9.050000 -0.035363 0.065210 0.003380
-8.950000 -0.035154 0.058869 0.003051
-8.850000 -0.035319 0.050709 0.002628
-8.750000 -0.035815 0.055259 0.002866
-8.650000 -0.035467 0.045214 0.002344
-8.550000 -0.036029 0.030463 0.001580
-8.450000 -0.035931 0.032283 0.001674
-8.350000 -0.035685 0.033089 0.001716
-8.250000 -0.036004 0.030053 0.001559
-8.150000 -0.036488 0.035041 0.001818
-8.050000 -0.035704 0.027431 0.001422
-7.950000 -0.035678 0.029296 0.001519
-7.850000 -0.035081 0.031603 0.001638
-7.750000 -0.034960 0.027072 0.001403
-7.650000 -0.035102 0.026254 0.001360
-7.550000 -0.035112 0.036727 0.001903
-7.450000 -0.034519 0.048112 0.002492
-7.350000 -0.034348 0.049275 0.002551
-7.250000 -0.034293 0.048790 0.002526
-7.150000 -0.034103 0.042414 0.002196
-7.050000 -0.033288 0.044985 0.002327
-6.950000 -0.034398 0.028735 0.001488
-6.850000 -0.034369 0.035180 0.001822
-6.750000 -0.033708 0.047362 0.002451
-6.650000 -0.034128 0.054390 0.002816
-6.550000 -0.034303 0.058682 0.003038
-6.450000 -0.035002 0.074193 0.003844
-6.350000 -0.034728 0.064042 0.003317
-6.250000 -0.034940 0.054079 0.002802
-6.150000 -0.034632 0.095054 0.004923
-6.050000 -0.035102 0.088885 0.004606
-5.950000 -0.034840 0.074406 0.003855
-5.850000 -0.034705 0.093793 0.004858
-5.750000 -0.033924 0.094150 0.004873
-5.650000 -0.033772 0.091727 0.004747
-5.550000 -0.033685 0.066086 0.003419
-5.450000 -0.033176 0.076129 0.003937
-5.350000 -0.033296 0.083486 0.004318
-5.250000 -0.033397 0.073654 0.003810
-5.150000 -0.033853 0.061103 0.003162
-5.050000 -0.033730 0.063959 0.003310
-4.950000 -0.033588 0.075746 0.003919
-4.850000 -0.033589 0.098914 0.005118
-4.750000 -0.033201 0.102157 0.005283
-4.650000 -0.033128 0.115114 0.005953
-4.550000 -0.031810 0.123828 0.006395
-4.450000 -0.031633 0.137778 0.007114
-4.350000 -0.030841 0.135498 0.006990
-4.250000 -0.031232 0.132164 0.006821
-4.150000 -0.031701 0.140394 0.007250
-4.050000 -0.031234 0.143184 0.007390
-3.950000 -0.031236 0.146818 0.007578
-3.850000 -0.031527 0.141533 0.007307
-3.750000 -0.030827 0.145503 0.007507
-3.650000 -0.031253 0.136428 0.007041
-3.550000 -0.031367 0.163556 0.008443
-3.450000 -0.030096 0.160329 0.008265
-3.350000 -0.029146 0.187648 0.009664
-3.250000 -0.028726 0.181756 0.009357
-3.150000 -0.028886 0.188827 0.009722
-3.050000 -0.028710 0.196150 0.010097
-2.950000 -0.028700 0.181915 0.009365
-2.850000 -0.028600 0.198278 0.010206
-2.750000 -0.028152 0.205699 0.010583
-2.650000 -0.027657 0.216479 0.011132
-2.550000 -0.027487 0.211009 0.010849
-2.450000 -0.026802 0.232758 0.011958
-2.350000 -0.026715 0.261202 0.013419
-2.250000 -0.026158 0.276759 0.014210
-2.150000 -0.024932 0.274694 0.014086
-2.050000 -0.024078 0.285458 0.014625
-1.950000 -0.023543 0.302722 0.015501
-1.850000 -0.022346 0.301685 0.015429
-1.750000 -0.021320 0.320588 0.016379
-1.650000 -0.021177 0.344876 0.017617
-1.550000 -0.020926 0.354214 0.018089
-1.450000 -0.019573 0.365411 0.018635
-1.350000 -0.017528 0.401133 0.020414
-1.250000 -0.017318 0.421476 0.021445
-1.150000 -0.016067 0.445060 0.022616
-1.050000 -0.015144 0.465250 0.023620
-0.950000 -0.014069 0.502776 0.025498
-0.850000 -0.013516 0.534268 0.027079
-0.750000 -0.013091 0.571672 0.028963
-0.650000 -0.011855 0.606175 0.030672
-0.550000 -0.009485 0.659784 0.033305
-0.450000 -0.008345 0.723531 0.036481
-0.350000 -0.006409 0.777918 0.039147
-0.250000 -0.005356 0.830449 0.041746
-0.150000 -0.003571 0.889123 0.044615
-0.050000 -0.002271 0.982714 0.049248
0.050000 -0.000016 -0.954685 -0.047735
0.150000 0.001051 -0.894724 -0.044689
0.250000 0.002383 -0.854840 -0.042640
0.350000 0.004690 -0.798603 -0.039744
0.450000 0.005934 -0.754538 -0.037504
0.550000 0.006623 -0.710476 -0.035290
0.650000 0.008635 -0.658797 -0.032658
0.750000 0.009698 -0.627270 -0.031062
0.850000 0.011099 -0.603850 -0.029861
0.950000 0.012269 -0.572838 -0.028295
1.050000 0.014120 -0.533408 -0.026299
1.150000 0.014940 -0.506161 -0.024936
1.250000 0.015429 -0.478819 -0.023577
1.350000 0.016454 -0.447435 -0.022010
1.450000 0.016657 -0.430192 -0.021157
1.550000 0.017267 -0.407202 -0.020015
1.650000 0.018230 -0.379591 -0.018640
1.750000 0.019001 -0.354144 -0.017377
1.850000 0.019506 -0.339756 -0.016663
1.950000 0.019548 -0.327892 -0.016080
2.050000 0.020458 -0.323075 -0.015830
2.150000 0.021065 -0.304861 -0.014929
2.250000 0.021632 -0.293018 -0.014341
2.350000 0.023268 -0.284077 -0.013881
2.450000 0.023964 -0.278204 -0.013585
2.550000 0.023332 -0.259979 -0.012703
2.650000 0.023370 -0.248754 -0.012154
2.750000 0.024305 -0.226986 -0.011080
2.850000 0.024543 -0.225236 -0.010992
2.950000 0.025563 -0.207252 -0.010104
3.050000 0.025716 -0.201825 -0.009838
3.150000 0.027114 -0.185844 -0.009047
3.250000 0.027023 -0.186931 -0.009101
3.350000 0.027325 -0.177419 -0.008635
3.450000 0.027323 -0.199393 -0.009704
3.550000 0.027653 -0.184475 -0.008976
3.650000 0.027333 -0.175932 -0.008563
3.750000 0.027769 -0.176498 -0.008586
3.850000 0.027206 -0.182787 -0.008897
3.950000 0.028089 -0.180163 -0.008762
4.050000 0.027474 -0.181373 -0.008826
4.150000 0.027665 -0.169424 -0.008243
4.250000 0.027685 -0.161439 -0.007855
4.350000 0.028446 -0.154723 -0.007522
4.450000 0.028461 -0.146205 -0.007108
4.550000 0.028326 -0.155933 -0.007582
4.650000 0.028953 -0.148801 -0.007231
4.750000 0.028875 -0.142067 -0.006904
4.850000 0.028821 -0.131614 -0.006396
4.950000 0.030153 -0.127835 -0.006205
5.050000 0.029922 -0.118755 -0.005765
5.150000 0.030741 -0.122282 -0.005932
5.250000 0.030658 -0.115294 -0.005593
5.350000 0.030899 -0.119707 -0.005806
5.450000 0.031083 -0.117036 -0.005675
5.550000 0.030583 -0.107133 -0.005198
5.650000 0.031330 -0.109655 -0.005316
5.750000 0.030613 -0.080430 -0.003902
5.850000 0.031145 -0.088935 -0.004312
5.950000 0.032474 -0.077512 -0.003754
6.050000 0.032474 -0.099614 -0.004824
6.150000 0.033038 -0.107091 -0.005183
6.250000 0.033363 -0.088159 -0.004266
6.350000 0.033192 -0.076561 -0.003705
6.450000 0.032491 -0.065577 -0.003176
6.550000 0.033503 -0.050894 -0.002462
6.650000 0.034017 -0.046680 -0.002257
6.750000 0.034676 -0.059147 -0.002858
6.850000 0.034508 -0.068326 -0.003302
6.950000 0.034625 -0.057089 -0.002759
7.050000 0.034569 -0.055659 -0.002690
7.150000 0.034940 -0.028584 -0.001381
7.250000 0.035136 -0.025300 -0.001222
7.350000 0.035270 -0.028123 -0.001358
7.450000 0.034622 -0.038587 -0.001865
7.550000 0.034768 -0.057522 -0.002779
7.650000 0.034594 -0.055034 -0.002660
7.750000 0.035271 -0.044666 -0.002157
7.850000 0.035672 -0.044225 -0.002135
7.950000 0.035874 -0.037350 -0.001803
8.050000 0.035570 -0.049931 -0.002411
8.150000 0.035615 -0.057991 -0.002800
8.250000 0.035222 -0.066511 -0.003212
8.350000 0.036038 -0.053112 -0.002563
8.450000 0.035543 -0.060185 -0.002906
8.550000 0.035781 -0.077249 -0.003729
8.650000 0.036213 -0.056184 -0.002711
8.750000 0.035972 -0.058351 -0.002816
8.850000 0.035013 -0.061110 -0.002952
8.950000 0.035861 -0.058009 -0.002800
9.050000 0.035548 -0.058094 -0.002805
9.150000 0.035643 -0.037323 -0.001802
9.250000 0.035780 -0.028647 -0.001383
9.350000 0.035501 -0.038763 -0.001872
9.450000 0.036171 -0.027982 -0.001350
9.550000 0.036407 -0.032525 -0.001569
9.650000 0.036297 -0.034016 -0.001641
9.750000 0.036490 -0.041877 -0.002020
9.850000 0.035868 -0.022919 -0.001106
9.950000 0.035886 -0.021826 -0.001054
10.050000 0.036002 -0.009798 -0.000473
10.150000 0.036142 -0.012248 -0.000591
10.250000 0.036399 -0.015465 -0.000746
10.350000 0.036484 -0.007693 -0.000371
10.450000 0.036995 -0.011304 -0.000545
10.550000 0.036939 -0.012969 -0.000625
10.650000 0.036618 -0.020119 -0.000970
10.750000 0.036145 -0.006611 -0.000319
10.850000 0.036537 -0.024130 -0.001164
10.950000 0.035797 -0.048530 -0.002343
11.050000 0.036017 -0.037758 -0.001822
11.150000 0.035702 -0.033950 -0.001639
11.250000 0.036201 -0.040599 -0.001959
11.350000 0.035746 -0.027978 -0.001351
11.450000 0.036776 -0.021846 -0.001054
11.550000 0.036096 -0.016391 -0.000791
11.650000 0.036299 -0.030718 -0.001482
11.750000 0.036465 -0.035017 -0.001689
11.850000 0.036340 -0.020923 -0.001009
11.950000 0.036258 -0.017866 -0.000862
12.050000 0.035878 -0.024895 -0.001202
12.150000 0.035463 -0.029368 -0.001418
12.250000 0.035906 -0.027737 -0.001339
12.350000 0.036653 -0.015288 -0.000737
12.450000 0.036234 -0.009611 -0.000464
12.550000 0.037002 -0.001774 -0.000086
12.650000 0.037181 0.006623 0.000319
12.750000 0.037277 -0.005298 -0.000255
12.850000 0.037523 -0.016714 -0.000805
12.950000 0.037782 -0.016350 -0.000788
13.050000 0.037304 -0.027767 -0.001338
13.150000 0.036742 -0.028148 -0.001358
13.250000 0.037083 -0.034523 -0.001664
13.350000 0.037387 -0.037499 -0.001807
13.450000 0.036896 -0.035607 -0.001717
13.550000 0.036751 -0.034561 -0.001667
13.650000 0.037280 -0.042180 -0.002033
13.750000 0.036423 -0.027789 -0.001341
13.850000 0.036101 -0.031764 -0.001533
13.950000 0.036531 -0.032506 -0.001568
14.050000 0.036494 -0.023051 -0.001112
14.150000 0.036933 -0.016224 -0.000782
14.250000 0.037176 -0.034268 -0.001652
14.350000 0.037237 -0.047745 -0.002302
14.450000 0.036787 -0.049425 -0.002384
14.550000 0.037018 -0.040213 -0.001939
14.650000 0.037277 -0.039070 -0.001883
14.750000 0.036478 -0.039166 -0.001889
14.850000 0.037464 -0.039085 -0.001884
14.950000 0.037335 -0.031994 -0.001542
15.050000 0.037071 -0.027769 -0.001339
15.150000 0.036911 -0.033963 -0.001638
15.250000 0.036063 -0.049235 -0.002376
15.350000 0.036306 -0.053029 -0.002559
15.450000 0.036550 -0.049574 -0.002391
15.550000 0.035886 -0.050741 -0.002449
15.650000 0.036559 -0.055515 -0.002678
15.750000 0.035880 -0.057212 -0.002762
15.850000 0.036085 -0.039914 -0.001926
15.950000 0.036455 -0.056786 -0.002739
16.050000 0.036389 -0.048322 -0.002331
16.150000 0.036137 -0.042098 -0.002032
16.250000 0.036079 -0.032849 -0.001585
16.350000 0.036899 -0.015886 -0.000766
16.450000 0.036750 -0.034750 -0.001676
16.550000 0.037218 -0.038085 -0.001836
16.650000 0.037079 -0.037636 -0.001815
16.750000 0.037048 -0.034845 -0.001680
16.850000 0.036936 -0.026568 -0.001281
16.950000 0.036072 -0.028098 -0.001356
17.050000 0.036146 -0.040400 -0.001950
17.150000 0.036051 -0.033472 -0.001615
17.250000 0.036453 -0.021806 -0.001052
17.350000 0.035264 -0.045056 -0.002176
17.450000 0.035186 -0.045809 -0.002213
17.550000 0.034788 -0.034739 -0.001679
17.650000 0.035034 -0.038019 -0.001837
17.750000 0.035549 -0.047832 -0.002310
17.850000 0.034709 -0.062448 -0.003018
17.950000 0.034676 -0.064301 -0.003107
18.050000 0.033942 -0.042855 -0.002072
18.150000 0.034698 -0.049467 -0.002390
18.250000 0.034581 -0.072398 -0.003499
18.350000 0.035099 -0.055389 -0.002676
18.450000 0.034889 -0.052612 -0.002542
18.550000 0.034639 -0.060743 -0.002935
18.650000 0.034596 -0.061565 -0.002975
18.750000 0.035402 -0.067214 -0.003246
18.850000 0.035246 -0.059600 -0.002879
18.950000 0.034562 -0.066234 -0.003201
19.050000 0.033958 -0.073169 -0.003538
19.150000 0.033919 -0.073174 -0.003539
19.250000 0.033791 -0.089436 -0.004326
19.350000 0.033414 -0.094463 -0.004570
19.450000 0.032316 -0.086458 -0.004188
19.550000 0.031430 -0.118618 -0.005750
19.650000 0.031343 -0.118933 -0.005766
19.750000 0.031578 -0.129062 -0.006256
19.850000 0.031724 -0.132075 -0.006401
19.950000 0.031508 -0.140690 -0.006820
20.050000 0.031270 -0.140535 -0.006814
20.150000 0.031287 -0.131090 -0.006356
20.250000 0.031706 -0.127941 -0.006200
20.350000 0.031790 -0.131934 -0.006393
20.450000 0.031927 -0.118151 -0.005725
20.550000 0.031101 -0.134702 -0.006532
20.650000 0.031255 -0.151419 -0.007341
20.750000 0.032107 -0.147962 -0.007168
20.850000 0.031253 -0.157016 -0.007613
20.950000 0.031164 -0.170656 -0.008275
21.050000 0.031326 -0.168139 -0.008152
21.150000 0.031013 -0.176814 -0.008575
21.250000 0.030681 -0.162398 -0.007878
21.350000 0.029373 -0.172182 -0.008363
21.450000 0.029566 -0.182259 -0.008851
21.550000 0.028920 -0.187841 -0.009128
21.650000 0.028716 -0.189064 -0.009189
21.750000 0.029167 -0.214912 -0.010441
21.850000 0.028485 -0.224584 -0.010918
21.950000 0.028452 -0.233152 -0.011335
22.050000 0.027287 -0.248551 -0.012097
22.150000 0.027658 -0.240572 -0.011705
22.250000 0.026472 -0.242377 -0.011806
22.350000 0.025966 -0.259989 -0.012670
22.450000 0.025573 -0.273977 -0.013357
22.550000 0.025702 -0.290125 -0.014143
22.650000 0.025440 -0.303733 -0.014810
22.750000 0.024759 -0.321271 -0.015675
22.850000 0.023745 -0.320185 -0.015638
22.950000 0.023443 -0.346961 -0.016951
23.050000 0.023277 -0.354863 -0.017340
23.150000 0.022731 -0.378022 -0.018481
23.250000 0.021756 -0.369361 -0.018075
23.350000 0.021017 -0.384064 -0.018808
23.450000 0.020851 -0.406887 -0.019929
23.550000 0.021037 -0.442712 -0.021680
23.650000 0.020320 -0.464287 -0.022752
23.750000 0.019893 -0.484093 -0.023733
23.850000 0.018910 -0.510827 -0.025067
23.950000 0.017515 -0.533309 -0.026206
24.050000 0.016725 -0.564104 -0.027741
24.150000 0.015992 -0.598124 -0.029435
24.250000 0.015177 -0.621854 -0.030628
24.350000 0.014168 -0.668167 -0.032942
24.450000 0.012024 -0.702405 -0.034703
24.550000 0.010081 -0.741383 -0.036699
24.650000 0.008921 -0.781455 -0.038727
24.750000 0.007723 -0.810946 -0.040237
24.850000 0.006388 -0.856217 -0.042539
24.950000 0.005206 -0.925174 -0.046019
