-24.950000 -0.001905 3.939799 0.197366
-24.850000 -0.002676 3.708512 0.185923
-24.750000 -0.003358 3.519869 0.176586
-24.650000 -0.004346 3.344031 0.167931
-24.550000 -0.004045 3.181801 0.159736
-24.450000 -0.005133 3.024914 0.152026
-24.350000 -0.004800 2.899046 0.145651
-24.250000 -0.004917 2.756856 0.138524
-24.150000 -0.005541 2.623345 0.131898
-24.050000 -0.006604 2.484058 0.125029
-23.950000 -0.007582 2.375952 0.119705
-23.850000 -0.008501 2.263416 0.114141
-23.750000 -0.008694 2.151579 0.108522
-23.650000 -0.009132 2.052955 0.103594
-23.550000 -0.009723 1.960653 0.098995
-23.450000 -0.009858 1.887545 0.095317
-23.350000 -0.009859 1.823560 0.092086
-23.250000 -0.010801 1.738440 0.087871
-23.150000 -0.011899 1.642069 0.083092
-23.050000 -0.011935 1.568647 0.079380
-22.950000 -0.012591 1.500336 0.075973
-22.850000 -0.012469 1.446827 0.073255
-22.750000 -0.012669 1.348644 0.068297
-22.650000 -0.013295 1.299772 0.065864
-22.550000 -0.013878 1.243854 0.063068
-22.450000 -0.013470 1.172633 0.059432
-22.350000 -0.013320 1.140120 0.057776
-22.250000 -0.013768 1.081508 0.054830
-22.150000 -0.014072 1.009751 0.051208
-22.050000 -0.013273 0.978422 0.049579
-21.950000 -0.013985 0.930871 0.047204
-21.850000 -0.013929 0.879775 0.044610
-21.750000 -0.013542 0.841172 0.042636
-21.650000 -0.013837 0.817548 0.041451
-21.550000 -0.013943 0.775504 0.039324
-21.450000 -0.014563 0.744759 0.037788
-21.350000 -0.014592 0.706739 0.035860
-21.250000 -0.014661 0.664103 0.033699
-21.150000 -0.015111 0.630950 0.032032
-21.050000 -0.014337 0.613157 0.031104
-20.950000 -0.014177 0.586789 0.029761
-20.850000 -0.014239 0.557594 0.028282
-20.750000 -0.014432 0.505381 0.025639
-20.650000 -0.014365 0.491974 0.024957
-20.550000 -0.014926 0.476017 0.024161
-20.450000 -0.014572 0.451847 0.022926
-20.350000 -0.015052 0.437072 0.022188
-20.250000 -0.015199 0.416901 0.021167
-20.150000 -0.015320 0.401160 0.020370
-20.050000 -0.016029 0.374645 0.019037
-19.950000 -0.015106 0.370444 0.018806
-19.850000 -0.015984 0.350338 0.017801
-19.750000 -0.016615 0.327588 0.016656
-19.650000 -0.016921 0.311450 0.015841
-19.550000 -0.016923 0.302078 0.015364
-19.450000 -0.016749 0.312736 0.015903
-19.350000 -0.017268 0.293740 0.014945
-19.250000 -0.016668 0.291797 0.014837
-19.150000 -0.016411 0.274579 0.013958
-19.050000 -0.016604 0.259113 0.013174
-18.950000 -0.015931 0.255178 0.012965
-18.850000 -0.015446 0.245897 0.012488
-18.750000 -0.016002 0.232796 0.011829
-18.650000 -0.016049 0.236169 0.012001
-18.550000 -0.015989 0.222425 0.011302
-18.450000 -0.015912 0.210932 0.010717
-18.350000 -0.016412 0.214431 0.010900
-18.250000 -0.016889 0.200051 0.010174
-18.150000 -0.016246 0.190193 0.009667
-18.050000 -0.017235 0.191501 0.009743
-17.950000 -0.016319 0.168453 0.008562
-17.850000 -0.016266 0.160576 0.008162
-17.750000 -0.017265 0.141994 0.007224
-17.650000 -0.017706 0.132991 0.006769
-17.550000 -0.016981 0.113395 0.005768
-17.450000 -0.016974 0.126897 0.006454
-17.350000 -0.017101 0.115352 0.005868
-17.250000 -0.017070 0.108009 0.005494
-17.150000 -0.017282 0.109052 0.005548
-17.050000 -0.016841 0.116932 0.005947
-16.950000 -0.016184 0.119262 0.006061
-16.850000 -0.015236 0.101981 0.005178
-16.750000 -0.016106 0.087757 0.004460
-16.650000 -0.016273 0.073498 0.003736
-16.550000 -0.015906 0.082501 0.004192
-16.450000 -0.016071 0.094181 0.004786
-16.350000 -0.016553 0.075363 0.003832
-16.250000 -0.017338 0.073680 0.003749
-16.150000 -0.017205 0.068801 0.003500
-16.050000 -0.017042 0.070834 0.003603
-15.950000 -0.017846 0.061439 0.003128
-15.850000 -0.017268 0.076836 0.003909
-15.750000 -0.016621 0.084811 0.004312
-15.650000 -0.016796 0.078033 0.003968
-15.550000 -0.016325 0.073562 0.003739
-15.450000 -0.017078 0.076722 0.003903
-15.350000 -0.016172 0.058074 0.002951
-15.250000 -0.016801 0.069723 0.003546
-15.150000 -0.015973 0.060080 0.003053
-15.050000 -0.016116 0.044821 0.002278
-14.950000 -0.016138 0.053420 0.002715
-14.850000 -0.016112 0.056153 0.002854
-14.750000 -0.016368 0.045433 0.002309
-14.650000 -0.016223 0.037850 0.001924
-14.550000 -0.015594 0.010395 0.000528
-14.450000 -0.015981 0.014229 0.000723
-14.350000 -0.015779 0.017914 0.000910
-14.250000 -0.015847 0.008626 0.000438
-14.150000 -0.016992 0.004780 0.000243
-14.050000 -0.016428 -0.013012 -0.000661
-13.950000 -0.016748 -0.010849 -0.000552
-13.850000 -0.016732 -0.017287 -0.000879
-13.750000 -0.017116 -0.000700 -0.000036
-13.650000 -0.016999 -0.000628 -0.000032
-13.550000 -0.016965 -0.003087 -0.000157
-13.450000 -0.016346 -0.004940 -0.000251
-13.350000 -0.017097 -0.002372 -0.000121
-13.250000 -0.016528 0.014370 0.000731
-13.150000 -0.016964 0.013590 0.000691
-13.050000 -0.016836 0.012435 0.000632
-12.950000 -0.016134 0.022192 0.001128
-12.850000 -0.015913 0.019097 0.000970
-12.750000 -0.016446 0.007140 0.000363
-12.650000 -0.016670 0.016138 0.000821
-12.550000 -0.016008 0.009358 0.000476
-12.450000 -0.016639 0.010517 0.000535
-12.350000 -0.017285 0.016317 0.000830
-12.250000 -0.017194 0.020088 0.001022
-12.150000 -0.016964 0.016146 0.000821
-12.050000 -0.016701 0.036948 0.001879
-11.950000 -0.016337 0.032248 0.001639
-11.850000 -0.016886 0.038693 0.001968
-11.750000 -0.016644 0.047308 0.002405
-11.650000 -0.016648 0.038304 0.001948
-11.550000 -0.017297 0.036042 0.001834
-11.450000 -0.017204 0.044099 0.002244
-11.350000 -0.017486 0.043530 0.002215
-11.250000 -0.017596 0.038301 0.001949
-11.150000 -0.017044 0.024324 0.001237
-11.050000 -0.017070 0.031396 0.001597
-10.950000 -0.017262 0.043585 0.002218
-10.850000 -0.017517 0.047394 0.002412
-10.750000 -0.017532 0.045582 0.002320
-10.650000 -0.018250 0.045235 0.002304
-10.550000 -0.018291 0.043202 0.002200
-10.450000 -0.017334 0.032754 0.001667
-10.350000 -0.016855 0.032306 0.001643
-10.250000 -0.016950 0.043096 0.002192
-10.150000 -0.016398 0.049143 0.002498
-10.050000 -0.016563 0.040364 0.002052
-9.950000 -0.016407 0.029571 0.001503
-9.850000 -0.016178 0.046471 0.002362
-9.750000 -0.016227 0.037744 0.001918
-9.650000 -0.015913 0.036170 0.001838
-9.550000 -0.015726 0.040315 0.002048
-9.450000 -0.015955 0.051637 0.002624
-9.350000 -0.015732 0.044993 0.002286
-9.250000 -0.015865 0.053497 0.002718
-9.150000 -0.015902 0.052094 0.002647
-9.050000 -0.016284 0.064136 0.003260
-8.950000 -0.015957 0.070975 0.003606
-8.850000 -0.015981 0.083201 0.004228
-8.750000 -0.016325 0.078159 0.003973
-8.650000 -0.015882 0.072032 0.003660
-8.550000 -0.016890 0.089741 0.004564
-8.450000 -0.016698 0.090587 0.004606
-8.350000 -0.016413 0.102707 0.005221
-8.250000 -0.016927 0.114248 0.005811
-8.150000 -0.017685 0.095862 0.004879
-8.050000 -0.017344 0.101913 0.005186
-7.950000 -0.016721 0.113323 0.005762
-7.850000 -0.016965 0.114915 0.005845
-7.750000 -0.016800 0.132873 0.006757
-7.650000 -0.016758 0.149828 0.007619
-7.550000 -0.016168 0.156328 0.007945
-7.450000 -0.015607 0.177686 0.009025
-7.350000 -0.015663 0.173629 0.008820
-7.250000 -0.014727 0.185250 0.009401
-7.150000 -0.014807 0.180739 0.009173
-7.050000 -0.014848 0.187021 0.009492
-6.950000 -0.015117 0.190795 0.009686
-6.850000 -0.014408 0.201320 0.010213
-6.750000 -0.014190 0.200175 0.010153
-6.650000 -0.014249 0.205342 0.010415
-6.550000 -0.014223 0.204040 0.010349
-6.450000 -0.015119 0.215277 0.010929
-6.350000 -0.015411 0.218016 0.011071
-6.250000 -0.015084 0.229529 0.011652
-6.150000 -0.015887 0.248997 0.012651
-6.050000 -0.016243 0.262148 0.013324
-5.950000 -0.016629 0.273543 0.013908
-5.850000 -0.016013 0.298524 0.015169
-5.750000 -0.015285 0.298618 0.015163
-5.650000 -0.015909 0.309477 0.015724
-5.550000 -0.015364 0.321610 0.016331
-5.450000 -0.015499 0.334757 0.017001
-5.350000 -0.015470 0.355129 0.018035
-5.250000 -0.014350 0.354426 0.017979
-5.150000 -0.014831 0.373891 0.018976
-5.050000 -0.015139 0.387564 0.019676
-4.950000 -0.015180 0.405307 0.020578
-4.850000 -0.015213 0.405840 0.020605
-4.750000 -0.015111 0.421095 0.021378
-4.650000 -0.014283 0.440789 0.022359
-4.550000 -0.014220 0.471534 0.023917
-4.450000 -0.014589 0.489495 0.024837
-4.350000 -0.013971 0.493748 0.025037
-4.250000 -0.014465 0.530689 0.026924
-4.150000 -0.014568 0.549403 0.027876
-4.050000 -0.013641 0.587399 0.029776
-3.950000 -0.013832 0.613180 0.031089
-3.850000 -0.013608 0.641673 0.032526
-3.750000 -0.013896 0.678417 0.034399
-3.650000 -0.013207 0.703893 0.035666
-3.550000 -0.012627 0.746360 0.037795
-3.450000 -0.012721 0.769634 0.038978
-3.350000 -0.013034 0.805610 0.040812
-3.250000 -0.013124 0.862837 0.043716
-3.150000 -0.013081 0.893314 0.045258
-3.050000 -0.013040 0.918318 0.046523
-2.950000 -0.013026 0.966500 0.048963
-2.850000 -0.013015 1.020323 0.051689
-2.750000 -0.013863 1.074632 0.054487
-2.650000 -0.012696 1.127071 0.057078
-2.550000 -0.011744 1.200318 0.060729
-2.450000 -0.011732 1.252618 0.063374
-2.350000 -0.010470 1.307950 0.066089
-2.250000 -0.011250 1.376704 0.069618
-2.150000 -0.011735 1.424586 0.072075
-2.050000 -0.011021 1.498353 0.075753
-1.950000 -0.009875 1.569042 0.079235
-1.850000 -0.009546 1.633899 0.082482
-1.750000 -0.009649 1.715267 0.086599
-1.650000 -0.009366 1.804526 0.091079
-1.550000 -0.009508 1.889001 0.095357
-1.450000 -0.008662 1.990997 0.100420
-1.350000 -0.007828 2.079496 0.104795
-1.250000 -0.006713 2.186279 0.110053
-1.150000 -0.006823 2.258435 0.113698
-1.050000 -0.006521 2.378383 0.119700
-0.950000 -0.006419 2.498219 0.125718
-0.850000 -0.005870 2.630005 0.132277
-0.750000 -0.005852 2.743519 0.137983
-0.650000 -0.004810 2.884368 0.144915
-0.550000 -0.003729 3.027423 0.151938
-0.450000 -0.002498 3.176950 0.159245
-0.350000 -0.001802 3.351654 0.167885
-0.250000 -0.000573 3.533717 0.176787
-0.150000 -0.000160 3.734291 0.186744
-0.050000 -0.000091 3.920544 0.196045
0.050000 0.000365 -3.835089 -0.191685
0.150000 0.002407 -3.618716 -0.180501
0.250000 0.002818 -3.434857 -0.171260
0.350000 0.003463 -3.277167 -0.163293
0.450000 0.004483 -3.115358 -0.155073
0.550000 0.004817 -2.966324 -0.147605
0.650000 0.006362 -2.813425 -0.139782
0.750000 0.006310 -2.692425 -0.133777
0.850000 0.006448 -2.578502 -0.128099
0.950000 0.007110 -2.461168 -0.122190
1.050000 0.007244 -2.332334 -0.115778
1.150000 0.006785 -2.207540 -0.109633
1.250000 0.007391 -2.105049 -0.104480
1.350000 0.008566 -2.026689 -0.100474
1.450000 0.008352 -1.949552 -0.096670
1.550000 0.009521 -1.889080 -0.093563
1.650000 0.009759 -1.797286 -0.088996
1.750000 0.010302 -1.702528 -0.084258
1.850000 0.010612 -1.628436 -0.080567
1.950000 0.011291 -1.556620 -0.076962
2.050000 0.012490 -1.487610 -0.073463
2.150000 0.013811 -1.434918 -0.070768
2.250000 0.013419 -1.353845 -0.066796
2.350000 0.012593 -1.301283 -0.064255
2.450000 0.012948 -1.250088 -0.061705
2.550000 0.012318 -1.188812 -0.058717
2.650000 0.012927 -1.122155 -0.055392
2.750000 0.014057 -1.091368 -0.053812
2.850000 0.013468 -1.044918 -0.051552
2.950000 0.014395 -0.995108 -0.049049
3.050000 0.014935 -0.968791 -0.047727
3.150000 0.015065 -0.912179 -0.044932
3.250000 0.015705 -0.877826 -0.043213
3.350000 0.015846 -0.850467 -0.041860
3.450000 0.016120 -0.811110 -0.039912
3.550000 0.016005 -0.798318 -0.039287
3.650000 0.015894 -0.737920 -0.036319
3.750000 0.016443 -0.706043 -0.034731
3.850000 0.017474 -0.681010 -0.033466
3.950000 0.016669 -0.643468 -0.031646
4.050000 0.016932 -0.611035 -0.030043
4.150000 0.017539 -0.584098 -0.028702
4.250000 0.018065 -0.559291 -0.027468
4.350000 0.018273 -0.517606 -0.025416
4.450000 0.019035 -0.483618 -0.023729
4.550000 0.018283 -0.466390 -0.022901
4.650000 0.018024 -0.460505 -0.022618
4.750000 0.018468 -0.449690 -0.022077
4.850000 0.019323 -0.431081 -0.021145
4.950000 0.018377 -0.420658 -0.020653
5.050000 0.018397 -0.399372 -0.019608
5.150000 0.018475 -0.386088 -0.018954
5.250000 0.018436 -0.365252 -0.017932
5.350000 0.019721 -0.353404 -0.017328
5.450000 0.019913 -0.333177 -0.016334
5.550000 0.019348 -0.317978 -0.015597
5.650000 0.018639 -0.301533 -0.014801
5.750000 0.019136 -0.295371 -0.014491
5.850000 0.019294 -0.292755 -0.014361
5.950000 0.018909 -0.276096 -0.013549
6.050000 0.019079 -0.259769 -0.012745
6.150000 0.019549 -0.261093 -0.012804
6.250000 0.018830 -0.254339 -0.012482
6.350000 0.018842 -0.231662 -0.011369
6.450000 0.018204 -0.217477 -0.010679
6.550000 0.019143 -0.189475 -0.009296
6.650000 0.019357 -0.190304 -0.009334
6.750000 0.018930 -0.179347 -0.008801
6.850000 0.018399 -0.169755 -0.008334
6.950000 0.018856 -0.161186 -0.007910
7.050000 0.018813 -0.168370 -0.008263
7.150000 0.019224 -0.163197 -0.008006
7.250000 0.018526 -0.135940 -0.006673
7.350000 0.018452 -0.139498 -0.006849
7.450000 0.018132 -0.117311 -0.005761
7.550000 0.018396 -0.127913 -0.006280
7.650000 0.018130 -0.130662 -0.006417
7.750000 0.018437 -0.127124 -0.006241
7.850000 0.017776 -0.123308 -0.006058
7.950000 0.018219 -0.118559 -0.005822
8.050000 0.017732 -0.107788 -0.005295
8.150000 0.018166 -0.090327 -0.004436
8.250000 0.018091 -0.078207 -0.003841
8.350000 0.018369 -0.073274 -0.003598
8.450000 0.017895 -0.072307 -0.003552
8.550000 0.017682 -0.062019 -0.003047
8.650000 0.017564 -0.062952 -0.003093
8.750000 0.017392 -0.050755 -0.002494
8.850000 0.017658 -0.065367 -0.003212
8.950000 0.018081 -0.055314 -0.002717
9.050000 0.017116 -0.047232 -0.002322
9.150000 0.016652 -0.055555 -0.002732
9.250000 0.016731 -0.053966 -0.002654
9.350000 0.016921 -0.045625 -0.002243
9.450000 0.017265 -0.034449 -0.001693
9.550000 0.018215 -0.029560 -0.001452
9.650000 0.018099 -0.029488 -0.001448
9.750000 0.017886 -0.041884 -0.002057
9.850000 0.017721 -0.046526 -0.002286
9.950000 0.017246 -0.025932 -0.001275
10.050000 0.017103 -0.008647 -0.000425
10.150000 0.016900 -0.012777 -0.000628
10.250000 0.017389 -0.020820 -0.001023
10.350000 0.017884 -0.021444 -0.001053
10.450000 0.017575 -0.011515 -0.000566
10.550000 0.017244 -0.018968 -0.000932
10.650000 0.017572 -0.010552 -0.000518
10.750000 0.017854 -0.018948 -0.000931
10.850000 0.017588 -0.014522 -0.000714
10.950000 0.017394 -0.011518 -0.000566
11.050000 0.017620 -0.041809 -0.002054
11.150000 0.016887 -0.034639 -0.001703
11.250000 0.017214 -0.024416 -0.001200
11.350000 0.017352 -0.031738 -0.001560
11.450000 0.017621 -0.023824 -0.001171
11.550000 0.017268 -0.033212 -0.001632
11.650000 0.017426 -0.034438 -0.001692
11.750000 0.017398 -0.039164 -0.001925
11.850000 0.017329 -0.039973 -0.001965
11.950000 0.017190 -0.030559 -0.001502
12.050000 0.017611 -0.020084 -0.000987
12.150000 0.017916 -0.038929 -0.001912
12.250000 0.017493 -0.032335 -0.001589
12.350000 0.017468 -0.035087 -0.001724
12.450000 0.016922 -0.026962 -0.001326
12.550000 0.016914 -0.033633 -0.001654
12.650000 0.017063 -0.029945 -0.001472
12.750000 0.016417 -0.030173 -0.001484
12.850000 0.016224 -0.027376 -0.001347
12.950000 0.016177 -0.042330 -0.002083
13.050000 0.016272 -0.065376 -0.003216
13.150000 0.015723 -0.066724 -0.003285
13.250000 0.015843 -0.061228 -0.003014
13.350000 0.015792 -0.054686 -0.002692
13.450000 0.016274 -0.061445 -0.003023
13.550000 0.015006 -0.058859 -0.002899
13.650000 0.016063 -0.067933 -0.003343
13.750000 0.016191 -0.072421 -0.003563
13.850000 0.015742 -0.051615 -0.002541
13.950000 0.015566 -0.057663 -0.002839
14.050000 0.015787 -0.050713 -0.002496
14.150000 0.015771 -0.045493 -0.002239
14.250000 0.015655 -0.041976 -0.002066
14.350000 0.015870 -0.055790 -0.002746
14.450000 0.015854 -0.067820 -0.003338
14.550000 0.015764 -0.075650 -0.003724
14.650000 0.015337 -0.057876 -0.002850
14.750000 0.016555 -0.059825 -0.002943
14.850000 0.016214 -0.048775 -0.002400
14.950000 0.015953 -0.037731 -0.001857
15.050000 0.015393 -0.054660 -0.002692
15.150000 0.015406 -0.065775 -0.003239
15.250000 0.015852 -0.067691 -0.003332
15.350000 0.015342 -0.059541 -0.002932
15.450000 0.015529 -0.060513 -0.002979
15.550000 0.015351 -0.067921 -0.003345
15.650000 0.015485 -0.064877 -0.003194
15.750000 0.015533 -0.068270 -0.003361
15.850000 0.015702 -0.072406 -0.003564
15.950000 0.014926 -0.065077 -0.003206
16.050000 0.015867 -0.066419 -0.003269
16.150000 0.015383 -0.062048 -0.003055
16.250000 0.015795 -0.074520 -0.003668
16.350000 0.015786 -0.062267 -0.003065
16.450000 0.015700 -0.079699 -0.003923
16.550000 0.016274 -0.086927 -0.004277
16.650000 0.015781 -0.105302 -0.005183
16.750000 0.015084 -0.097028 -0.004779
16.850000 0.016020 -0.087713 -0.004317
16.950000 0.015784 -0.100848 -0.004964
17.050000 0.015321 -0.106882 -0.005263
17.150000 0.015757 -0.111078 -0.005468
17.250000 0.015812 -0.108131 -0.005322
17.350000 0.015685 -0.125297 -0.006168
17.450000 0.016042 -0.129528 -0.006374
17.550000 0.015592 -0.137793 -0.006784
17.650000 0.015699 -0.130689 -0.006433
17.750000 0.015909 -0.131140 -0.006454
17.850000 0.015462 -0.144431 -0.007112
17.950000 0.015079 -0.153960 -0.007584
18.050000 0.014522 -0.161295 -0.007949
18.150000 0.014199 -0.163712 -0.008071
18.250000 0.014095 -0.187303 -0.009235
18.350000 0.014328 -0.176038 -0.008678
18.450000 0.014711 -0.197931 -0.009753
18.550000 0.014965 -0.207090 -0.010202
18.650000 0.014628 -0.205589 -0.010131
18.750000 0.013971 -0.221782 -0.010936
18.850000 0.014748 -0.225848 -0.011128
18.950000 0.014674 -0.247305 -0.012186
19.050000 0.014555 -0.278855 -0.013743
19.150000 0.014286 -0.280709 -0.013838
19.250000 0.013309 -0.283800 -0.014004
19.350000 0.013269 -0.304659 -0.015033
19.450000 0.012796 -0.321781 -0.015886
19.550000 0.012866 -0.346385 -0.017099
19.650000 0.013303 -0.338424 -0.016699
19.750000 0.013031 -0.373543 -0.018437
19.850000 0.012927 -0.387407 -0.019123
19.950000 0.012953 -0.408376 -0.020158
20.050000 0.012288 -0.435165 -0.021494
20.150000 0.012172 -0.450966 -0.022277
20.250000 0.012225 -0.471094 -0.023270
20.350000 0.012872 -0.489620 -0.024170
20.450000 0.013045 -0.511996 -0.025270
20.550000 0.013173 -0.542909 -0.026793
20.650000 0.012212 -0.570707 -0.028191
20.750000 0.012226 -0.584055 -0.028850
20.850000 0.012215 -0.601797 -0.029727
20.950000 0.012339 -0.617536 -0.030500
21.050000 0.011447 -0.650105 -0.032137
21.150000 0.011814 -0.689225 -0.034059
21.250000 0.011545 -0.709895 -0.035090
21.350000 0.011470 -0.735021 -0.036334
21.450000 0.011237 -0.779980 -0.038566
21.550000 0.011464 -0.816645 -0.040369
21.650000 0.011226 -0.860045 -0.042525
21.750000 0.011759 -0.899675 -0.044461
21.850000 0.011395 -0.933986 -0.046173
21.950000 0.011278 -0.971024 -0.048010
22.050000 0.010886 -1.011855 -0.050048
22.150000 0.009981 -1.066418 -0.052794
22.250000 0.010228 -1.105843 -0.054732
22.350000 0.010052 -1.165478 -0.057694
22.450000 0.009293 -1.212251 -0.060054
22.550000 0.009552 -1.255484 -0.062180
22.650000 0.010012 -1.308089 -0.064756
22.750000 0.010184 -1.340960 -0.066372
22.850000 0.009732 -1.412143 -0.069927
22.950000 0.009019 -1.470172 -0.072852
23.050000 0.008879 -1.562011 -0.077413
23.150000 0.008590 -1.637182 -0.081162
23.250000 0.009170 -1.707198 -0.084584
23.350000 0.009081 -1.783043 -0.088350
23.450000 0.008160 -1.861530 -0.092323
23.550000 0.007062 -1.957862 -0.097207
23.650000 0.006054 -2.024853 -0.100633
23.750000 0.005671 -2.122915 -0.105547
23.850000 0.004924 -2.238635 -0.111383
23.950000 0.004853 -2.336391 -0.116255
24.050000 0.004631 -2.455576 -0.122213
24.150000 0.003839 -2.573135 -0.128165
24.250000 0.004583 -2.692166 -0.133994
24.350000 0.003039 -2.817046 -0.140426
24.450000 0.001855 -2.957933 -0.147623
24.550000 0.000851 -3.101183 -0.154927
24.650000 0.000477 -3.255076 -0.162676
24.750000 0.000088 -3.414179 -0.170694
24.850000 0.000028 -3.600418 -0.180016
24.950000 -0.000689 -3.804017 -0.190332
