-24.950000 0.001182 10.411796 0.519975
-24.850000 -0.002460 9.793802 0.490898
-24.750000 -0.006995 9.239040 0.465206
-24.650000 -0.009909 8.758888 0.442327
-24.550000 -0.012921 8.298091 0.420336
-24.450000 -0.016378 7.864922 0.399794
-24.350000 -0.020098 7.447970 0.380037
-24.250000 -0.022981 7.085098 0.362587
-24.150000 -0.025622 6.736517 0.345683
-24.050000 -0.028139 6.410819 0.329822
-23.950000 -0.031051 6.089869 0.314251
-23.850000 -0.034108 5.780232 0.299217
-23.750000 -0.036217 5.503726 0.285527
-23.650000 -0.038204 5.233535 0.272071
-23.550000 -0.040456 4.960471 0.258481
-23.450000 -0.042542 4.702466 0.245570
-23.350000 -0.044799 4.478788 0.234442
-23.250000 -0.046527 4.262394 0.223519
-23.150000 -0.048955 4.041026 0.212452
-23.050000 -0.050582 3.846490 0.202571
-22.950000 -0.052834 3.667200 0.193588
-22.850000 -0.055345 3.472373 0.183791
-22.750000 -0.055988 3.316415 0.175655
-22.650000 -0.057979 3.142273 0.166784
-22.550000 -0.058977 2.994657 0.159117
-22.450000 -0.060953 2.855524 0.152044
-22.350000 -0.061922 2.723239 0.145150
-22.250000 -0.063392 2.588878 0.138205
-22.150000 -0.064512 2.459007 0.131429
-22.050000 -0.065964 2.340888 0.125310
-21.950000 -0.067651 2.236320 0.119929
-21.850000 -0.068173 2.153389 0.115547
-21.750000 -0.068518 2.066370 0.110918
-21.650000 -0.069746 1.967514 0.105751
-21.550000 -0.070703 1.879694 0.101135
-21.450000 -0.071983 1.815821 0.097833
-21.350000 -0.072539 1.730614 0.093298
-21.250000 -0.073269 1.647254 0.088874
-21.150000 -0.073445 1.575422 0.085015
-21.050000 -0.074231 1.494687 0.080727
-20.950000 -0.075108 1.418132 0.076665
-20.850000 -0.075393 1.366636 0.073904
-20.750000 -0.075131 1.305177 0.070560
-20.650000 -0.075569 1.252162 0.067726
-20.550000 -0.076089 1.183835 0.064067
-20.450000 -0.076344 1.109764 0.060074
-20.350000 -0.077022 1.061546 0.057507
-20.250000 -0.077841 1.010460 0.054788
-20.150000 -0.077704 0.980564 0.053159
-20.050000 -0.078577 0.927736 0.050343
-19.950000 -0.079513 0.881423 0.047878
-19.850000 -0.080017 0.833910 0.045322
-19.750000 -0.080606 0.809003 0.043997
-19.650000 -0.081058 0.767084 0.041737
-19.550000 -0.081347 0.730232 0.039745
-19.450000 -0.081481 0.694560 0.037809
-19.350000 -0.081186 0.666125 0.036249
-19.250000 -0.081876 0.632636 0.034453
-19.150000 -0.082404 0.596707 0.032515
-19.050000 -0.083378 0.591206 0.032249
-18.950000 -0.083538 0.582408 0.031775
-18.850000 -0.083946 0.529759 0.028915
-18.750000 -0.084930 0.488682 0.026702
-18.650000 -0.084438 0.460504 0.025149
-18.550000 -0.084773 0.431026 0.023547
-18.450000 -0.084795 0.401716 0.021947
-18.350000 -0.084897 0.396169 0.021646
-18.250000 -0.085409 0.377355 0.020630
-18.150000 -0.085919 0.364783 0.019954
-18.050000 -0.085602 0.364298 0.019920
-17.950000 -0.085203 0.357332 0.019531
-17.850000 -0.086099 0.342477 0.018737
-17.750000 -0.086318 0.332377 0.018189
-17.650000 -0.086522 0.313686 0.017170
-17.550000 -0.086750 0.292871 0.016035
-17.450000 -0.088148 0.271854 0.014907
-17.350000 -0.087684 0.262678 0.014396
-17.250000 -0.087808 0.263019 0.014417
-17.150000 -0.087941 0.249167 0.013660
-17.050000 -0.088971 0.229594 0.012601
-16.950000 -0.089090 0.233079 0.012794
-16.850000 -0.089317 0.230059 0.012631
-16.750000 -0.089564 0.201928 0.011090
-16.650000 -0.089798 0.193226 0.010614
-16.550000 -0.090381 0.200040 0.010996
-16.450000 -0.089850 0.201871 0.011090
-16.350000 -0.090264 0.179374 0.009859
-16.250000 -0.089681 0.195454 0.010735
-16.150000 -0.089624 0.166071 0.009121
-16.050000 -0.089606 0.164804 0.009051
-15.950000 -0.089332 0.159114 0.008736
-15.850000 -0.089503 0.148749 0.008169
-15.750000 -0.088965 0.143572 0.007880
-15.650000 -0.089358 0.132649 0.007283
-15.550000 -0.088589 0.136465 0.007486
-15.450000 -0.089050 0.124643 0.006841
-15.350000 -0.089074 0.110107 0.006044
-15.250000 -0.090013 0.097428 0.005353
-15.150000 -0.090338 0.086184 0.004737
-15.050000 -0.090953 0.075078 0.004130
-14.950000 -0.090836 0.085042 0.004677
-14.850000 -0.090497 0.071751 0.003945
-14.750000 -0.091429 0.081641 0.004493
-14.650000 -0.091274 0.085972 0.004730
-14.550000 -0.091728 0.091891 0.005059
-14.450000 -0.091194 0.094660 0.005208
-14.350000 -0.090124 0.111064 0.006103
-14.250000 -0.090922 0.110481 0.006077
-14.150000 -0.090664 0.110145 0.006056
-14.050000 -0.090052 0.099159 0.005449
-13.950000 -0.090592 0.104904 0.005768
-13.850000 -0.090839 0.092295 0.005076
-13.750000 -0.091132 0.093392 0.005138
-13.650000 -0.090630 0.082005 0.004509
-13.550000 -0.090640 0.059408 0.003266
-13.450000 -0.091396 0.067113 0.003693
-13.350000 -0.090745 0.065375 0.003595
-13.250000 -0.090178 0.071597 0.003935
-13.150000 -0.090786 0.088659 0.004876
-13.050000 -0.090927 0.084329 0.004638
-12.950000 -0.091053 0.075467 0.004151
-12.850000 -0.091529 0.089228 0.004911
-12.750000 -0.091786 0.095465 0.005256
-12.650000 -0.091476 0.079358 0.004367
-12.550000 -0.091478 0.069922 0.003848
-12.450000 -0.090899 0.070791 0.003893
-12.350000 -0.090873 0.078581 0.004322
-12.250000 -0.091205 0.069247 0.003810
-12.150000 -0.091340 0.062399 0.003434
-12.050000 -0.091281 0.056045 0.003084
-11.950000 -0.090117 0.063666 0.003499
-11.850000 -0.090577 0.070082 0.003853
-11.750000 -0.090229 0.067113 0.003688
-11.650000 -0.089707 0.050373 0.002767
-11.550000 -0.090511 0.068771 0.003781
-11.450000 -0.089467 0.065172 0.003579
-11.350000 -0.088845 0.048152 0.002642
-11.250000 -0.089019 0.043362 0.002380
-11.150000 -0.089135 0.041964 0.002304
-11.050000 -0.088994 0.059605 0.003271
-10.950000 -0.088909 0.041685 0.002288
-10.850000 -0.089357 0.056841 0.003121
-10.750000 -0.089765 0.057584 0.003163
-10.650000 -0.089551 0.069451 0.003814
-10.550000 -0.089785 0.075146 0.004128
-10.450000 -0.090594 0.063519 0.003492
-10.350000 -0.090572 0.051035 0.002806
-10.250000 -0.090970 0.045480 0.002502
-10.150000 -0.090516 0.068019 0.003739
-10.050000 -0.089148 0.059984 0.003293
-9.950000 -0.090045 0.066358 0.003646
-9.850000 -0.090176 0.055099 0.003028
-9.750000 -0.090564 0.064110 0.003525
-9.650000 -0.090886 0.071126 0.003912
-9.550000 -0.090173 0.082841 0.004553
-9.450000 -0.089936 0.087472 0.004806
-9.350000 -0.089624 0.081116 0.004455
-9.250000 -0.089685 0.092148 0.005061
-9.150000 -0.090100 0.109574 0.006021
-9.050000 -0.090205 0.122320 0.006722
-8.950000 -0.090140 0.114579 0.006297
-8.850000 -0.089838 0.125436 0.006891
-8.750000 -0.090623 0.146231 0.008040
-8.650000 -0.090816 0.150693 0.008287
-8.550000 -0.091138 0.141793 0.007801
-8.450000 -0.091003 0.160315 0.008818
-8.350000 -0.090560 0.159180 0.008752
-8.250000 -0.091290 0.159870 0.008797
-8.150000 -0.090640 0.169442 0.009317
-8.050000 -0.090754 0.195181 0.010733
-7.950000 -0.090552 0.213282 0.011726
-7.850000 -0.090404 0.229119 0.012595
-7.750000 -0.089657 0.227095 0.012473
-7.650000 -0.090069 0.257244 0.014135
-7.550000 -0.089584 0.265283 0.014569
-7.450000 -0.089729 0.287387 0.015786
-7.350000 -0.089882 0.283481 0.015574
-7.250000 -0.089433 0.311154 0.017086
-7.150000 -0.089760 0.336295 0.018473
-7.050000 -0.090767 0.345650 0.019008
-6.950000 -0.089972 0.342253 0.018805
-6.850000 -0.090546 0.357192 0.019638
-6.750000 -0.089769 0.386300 0.021220
-6.650000 -0.089634 0.409943 0.022515
-6.550000 -0.089626 0.420927 0.023118
-6.450000 -0.089483 0.460391 0.025282
-6.350000 -0.088595 0.474676 0.026041
-6.250000 -0.088305 0.507513 0.027833
-6.150000 -0.088088 0.525502 0.028813
-6.050000 -0.087737 0.530580 0.029080
-5.950000 -0.087734 0.567673 0.031113
-5.850000 -0.087463 0.592955 0.032489
-5.750000 -0.087021 0.619947 0.033952
-5.650000 -0.086848 0.645683 0.035355
-5.550000 -0.085918 0.661087 0.036161
-5.450000 -0.086060 0.690875 0.037797
-5.350000 -0.084873 0.726347 0.039686
-5.250000 -0.084070 0.764333 0.041724
-5.150000 -0.082916 0.823906 0.044920
-5.050000 -0.083137 0.853368 0.046537
-4.950000 -0.082174 0.886547 0.048296
-4.850000 -0.081360 0.942344 0.051290
-4.750000 -0.080160 0.973723 0.052929
-4.650000 -0.080208 1.027149 0.055836
-4.550000 -0.079537 1.074839 0.058386
-4.450000 -0.078719 1.114461 0.060484
-4.350000 -0.079008 1.177964 0.063951
-4.250000 -0.077982 1.231016 0.066757
-4.150000 -0.077602 1.300068 0.070472
-4.050000 -0.076686 1.379485 0.074703
-3.950000 -0.075303 1.449816 0.078394
-3.850000 -0.074276 1.527072 0.082480
-3.750000 -0.074090 1.605405 0.086693
-3.650000 -0.073061 1.672768 0.090231
-3.550000 -0.072374 1.758125 0.094765
-3.450000 -0.071743 1.849889 0.099643
-3.350000 -0.070996 1.939742 0.104399
-3.250000 -0.069550 2.042160 0.109740
-3.150000 -0.068684 2.138044 0.114786
-3.050000 -0.067397 2.236305 0.119896
-2.950000 -0.067578 2.342325 0.125604
-2.850000 -0.066062 2.472927 0.132393
-2.750000 -0.064885 2.601058 0.139077
-2.650000 -0.063532 2.725759 0.145534
-2.550000 -0.062020 2.859691 0.152439
-2.450000 -0.061192 2.970830 0.158224
-2.350000 -0.060374 3.142082 0.167199
-2.250000 -0.058188 3.304091 0.175411
-2.150000 -0.056400 3.467412 0.183733
-2.050000 -0.055636 3.653969 0.193462
-1.950000 -0.053440 3.850568 0.203398
-1.850000 -0.052123 4.051656 0.213723
-1.750000 -0.048972 4.284634 0.225263
-1.650000 -0.047579 4.482388 0.235316
-1.550000 -0.044117 4.717506 0.246762
-1.450000 -0.041814 4.948837 0.258240
-1.350000 -0.039034 5.211018 0.271134
-1.250000 -0.036802 5.483578 0.284655
-1.150000 -0.034710 5.763598 0.298542
-1.050000 -0.032629 6.060263 0.313234
-0.950000 -0.030555 6.378231 0.328963
-0.850000 -0.026680 6.721094 0.345266
-0.750000 -0.023757 7.081269 0.362680
-0.650000 -0.020011 7.456207 0.380423
-0.550000 -0.016528 7.871269 0.400178
-0.450000 -0.012613 8.316572 0.421141
-0.350000 -0.009262 8.781018 0.443155
-0.250000 -0.005392 9.268926 0.465959
-0.150000 -0.002030 9.818462 0.491922
-0.050000 0.002318 10.410017 0.519297
0.050000 0.005717 -9.022149 -0.448543
0.150000 0.008216 -8.568361 -0.424927
0.250000 0.011828 -8.161154 -0.403288
0.350000 0.013960 -7.773137 -0.383306
0.450000 0.017143 -7.425362 -0.365011
0.550000 0.019765 -7.100023 -0.348120
0.650000 0.022686 -6.788068 -0.331875
0.750000 0.025769 -6.510887 -0.317366
0.850000 0.027966 -6.238683 -0.303448
0.950000 0.030510 -5.974628 -0.289887
1.050000 0.033007 -5.707450 -0.276254
1.150000 0.036004 -5.480950 -0.264524
1.250000 0.038796 -5.222717 -0.251383
1.350000 0.040562 -5.005450 -0.240517
1.450000 0.042633 -4.807181 -0.230531
1.550000 0.044295 -4.592320 -0.219877
1.650000 0.045794 -4.381168 -0.209466
1.750000 0.048202 -4.191536 -0.199939
1.850000 0.049759 -4.016706 -0.191316
1.950000 0.052430 -3.859978 -0.183384
2.050000 0.053424 -3.680940 -0.174713
2.150000 0.055929 -3.528571 -0.167084
2.250000 0.056995 -3.378952 -0.159838
2.350000 0.058726 -3.223464 -0.152233
2.450000 0.060113 -3.097590 -0.146097
2.550000 0.060893 -2.950583 -0.139061
2.650000 0.061974 -2.850471 -0.134206
2.750000 0.062977 -2.726829 -0.128264
2.850000 0.064286 -2.605085 -0.122387
2.950000 0.065931 -2.497823 -0.117166
3.050000 0.067392 -2.380959 -0.111532
3.150000 0.068748 -2.290228 -0.107145
3.250000 0.068997 -2.180425 -0.101985
3.350000 0.070870 -2.076129 -0.096937
3.450000 0.071000 -2.001991 -0.093464
3.550000 0.072824 -1.916335 -0.089313
3.650000 0.073383 -1.828350 -0.085168
3.750000 0.074163 -1.754809 -0.081683
3.850000 0.074939 -1.682787 -0.078274
3.950000 0.074292 -1.602952 -0.074605
4.050000 0.075286 -1.541131 -0.071661
4.150000 0.075974 -1.467376 -0.068188
4.250000 0.076787 -1.415856 -0.065744
4.350000 0.077110 -1.364853 -0.063357
4.450000 0.077453 -1.310796 -0.060828
4.550000 0.078218 -1.242825 -0.057633
4.650000 0.079114 -1.197297 -0.055476
4.750000 0.079609 -1.137993 -0.052704
4.850000 0.079627 -1.109741 -0.051395
4.950000 0.080040 -1.065542 -0.049329
5.050000 0.080571 -0.995275 -0.046053
5.150000 0.080521 -0.965674 -0.044686
5.250000 0.080325 -0.913614 -0.042284
5.350000 0.080872 -0.884012 -0.040893
5.450000 0.081199 -0.848878 -0.039256
5.550000 0.080858 -0.824040 -0.038120
5.650000 0.081531 -0.790096 -0.036527
5.750000 0.081595 -0.754544 -0.034881
5.850000 0.081909 -0.727853 -0.033637
5.950000 0.082328 -0.698159 -0.032253
6.050000 0.082347 -0.662556 -0.030607
6.150000 0.083221 -0.635843 -0.029350
6.250000 0.082897 -0.581501 -0.026849
6.350000 0.083654 -0.563184 -0.025985
6.450000 0.083935 -0.531130 -0.024500
6.550000 0.083106 -0.504986 -0.023312
6.650000 0.083299 -0.487795 -0.022514
6.750000 0.083328 -0.469548 -0.021672
6.850000 0.084383 -0.444948 -0.020516
6.950000 0.085536 -0.428979 -0.019759
7.050000 0.085489 -0.402163 -0.018525
7.150000 0.084839 -0.398768 -0.018379
7.250000 0.085654 -0.393623 -0.018128
7.350000 0.085619 -0.376407 -0.017336
7.450000 0.085918 -0.344353 -0.015855
7.550000 0.086368 -0.336157 -0.015472
7.650000 0.086238 -0.302132 -0.013907
7.750000 0.086049 -0.287642 -0.013243
7.850000 0.086338 -0.272508 -0.012543
7.950000 0.086403 -0.264603 -0.012178
8.050000 0.086385 -0.264808 -0.012188
8.150000 0.086756 -0.267865 -0.012324
8.250000 0.087107 -0.259911 -0.011954
8.350000 0.087569 -0.252585 -0.011612
8.450000 0.087880 -0.244118 -0.011220
8.550000 0.088275 -0.207371 -0.009528
8.650000 0.087216 -0.198907 -0.009148
8.750000 0.087720 -0.189791 -0.008724
8.850000 0.088383 -0.192137 -0.008827
8.950000 0.088665 -0.161916 -0.007436
9.050000 0.089193 -0.160752 -0.007379
9.150000 0.089392 -0.159350 -0.007314
9.250000 0.088888 -0.154942 -0.007115
9.350000 0.088260 -0.149337 -0.006861
9.450000 0.088749 -0.144066 -0.006616
9.550000 0.088917 -0.128673 -0.005908
9.650000 0.089474 -0.145088 -0.006659
9.750000 0.088835 -0.133378 -0.006125
9.850000 0.089083 -0.138620 -0.006364
9.950000 0.088627 -0.128105 -0.005884
10.050000 0.088814 -0.123056 -0.005651
10.150000 0.089991 -0.115561 -0.005301
10.250000 0.089111 -0.117832 -0.005410
10.350000 0.089162 -0.113139 -0.005194
10.450000 0.089832 -0.093381 -0.004284
10.550000 0.090815 -0.103211 -0.004731
10.650000 0.090618 -0.090852 -0.004165
10.750000 0.090449 -0.102558 -0.004703
10.850000 0.090461 -0.104498 -0.004791
10.950000 0.090238 -0.100384 -0.004604
11.050000 0.089495 -0.090904 -0.004172
11.150000 0.089696 -0.092710 -0.004254
11.250000 0.090161 -0.095135 -0.004363
11.350000 0.089661 -0.082528 -0.003787
11.450000 0.089809 -0.089253 -0.004095
11.550000 0.089475 -0.077208 -0.003543
11.650000 0.089491 -0.083203 -0.003818
11.750000 0.089543 -0.084923 -0.003897
11.850000 0.090375 -0.086792 -0.003980
11.950000 0.090572 -0.092945 -0.004261
12.050000 0.090618 -0.088331 -0.004050
12.150000 0.090377 -0.076624 -0.003514
12.250000 0.090563 -0.077965 -0.003575
12.350000 0.090658 -0.075972 -0.003483
12.450000 0.091601 -0.078094 -0.003577
12.550000 0.090957 -0.075157 -0.003445
12.650000 0.091109 -0.082786 -0.003794
12.750000 0.091298 -0.077445 -0.003548
12.850000 0.090145 -0.078504 -0.003601
12.950000 0.090830 -0.068787 -0.003153
13.050000 0.090406 -0.075714 -0.003472
13.150000 0.091416 -0.079220 -0.003629
13.250000 0.090483 -0.082066 -0.003763
13.350000 0.090379 -0.094922 -0.004353
13.450000 0.090439 -0.081627 -0.003743
13.550000 0.090840 -0.084113 -0.003855
13.650000 0.089936 -0.075447 -0.003461
13.750000 0.090367 -0.091205 -0.004182
13.850000 0.089684 -0.110111 -0.005052
13.950000 0.089918 -0.112737 -0.005172
14.050000 0.089176 -0.108516 -0.004982
14.150000 0.089594 -0.096493 -0.004428
14.250000 0.090818 -0.123289 -0.005651
14.350000 0.090370 -0.132590 -0.006080
14.450000 0.090019 -0.144764 -0.006640
14.550000 0.090291 -0.152738 -0.007004
14.650000 0.090210 -0.160867 -0.007378
14.750000 0.090511 -0.154857 -0.007100
14.850000 0.089731 -0.155651 -0.007142
14.950000 0.089318 -0.159828 -0.007336
15.050000 0.089349 -0.162538 -0.007460
15.150000 0.089203 -0.167089 -0.007670
15.250000 0.089568 -0.169993 -0.007801
15.350000 0.089414 -0.178146 -0.008176
15.450000 0.090224 -0.181137 -0.008307
15.550000 0.089236 -0.180340 -0.008278
15.650000 0.089287 -0.181829 -0.008346
15.750000 0.088864 -0.195018 -0.008955
15.850000 0.089513 -0.205137 -0.009414
15.950000 0.089635 -0.204376 -0.009378
16.050000 0.089624 -0.215661 -0.009896
16.150000 0.089379 -0.229585 -0.010537
16.250000 0.089305 -0.209456 -0.009614
16.350000 0.089464 -0.224726 -0.010314
16.450000 0.089795 -0.226186 -0.010377
16.550000 0.089366 -0.238446 -0.010944
16.650000 0.089407 -0.253560 -0.011638
16.750000 0.089549 -0.257064 -0.011797
16.850000 0.090021 -0.260111 -0.011931
16.950000 0.089285 -0.280653 -0.012882
17.050000 0.088807 -0.302231 -0.013879
17.150000 0.088653 -0.300649 -0.013808
17.250000 0.088415 -0.324875 -0.014924
17.350000 0.088450 -0.331522 -0.015229
17.450000 0.088179 -0.328432 -0.015091
17.550000 0.087633 -0.356490 -0.016388
17.650000 0.087940 -0.374562 -0.017214
17.750000 0.087230 -0.391819 -0.018019
17.850000 0.086791 -0.409451 -0.018838
17.950000 0.087766 -0.424175 -0.019498
18.050000 0.087638 -0.433166 -0.019913
18.150000 0.087429 -0.445565 -0.020487
18.250000 0.087283 -0.466135 -0.021436
18.350000 0.087127 -0.485010 -0.022307
18.450000 0.087355 -0.518118 -0.023825
18.550000 0.086782 -0.541550 -0.024915
18.650000 0.086040 -0.549900 -0.025317
18.750000 0.085508 -0.590951 -0.027220
18.850000 0.085874 -0.611899 -0.028175
18.950000 0.085796 -0.634266 -0.029207
19.050000 0.086055 -0.670497 -0.030868
19.150000 0.085578 -0.718917 -0.033112
19.250000 0.085942 -0.748387 -0.034458
19.350000 0.084913 -0.781406 -0.036012
19.450000 0.084197 -0.823648 -0.037984
19.550000 0.084683 -0.843465 -0.038881
19.650000 0.084195 -0.891720 -0.041124
19.750000 0.083669 -0.913983 -0.042171
19.850000 0.083189 -0.951761 -0.043933
19.950000 0.082630 -1.001441 -0.046250
20.050000 0.081635 -1.045312 -0.048321
20.150000 0.081209 -1.090881 -0.050447
20.250000 0.081046 -1.142158 -0.052827
20.350000 0.080838 -1.204051 -0.055700
20.450000 0.080532 -1.255118 -0.058079
20.550000 0.080015 -1.317585 -0.060998
20.650000 0.079171 -1.372455 -0.063588
20.750000 0.078597 -1.417350 -0.065703
20.850000 0.077997 -1.493788 -0.069285
20.950000 0.076662 -1.574019 -0.073097
21.050000 0.075690 -1.633474 -0.075927
21.150000 0.074728 -1.714091 -0.079745
21.250000 0.073568 -1.784740 -0.083122
21.350000 0.072471 -1.868791 -0.087125
21.450000 0.072257 -1.955407 -0.091182
21.550000 0.071684 -2.033285 -0.094864
21.650000 0.071255 -2.138749 -0.099824
21.750000 0.070569 -2.221850 -0.103770
21.850000 0.069377 -2.323159 -0.108622
21.950000 0.068945 -2.426111 -0.113481
22.050000 0.067819 -2.525780 -0.118268
22.150000 0.065992 -2.629327 -0.123328
22.250000 0.064550 -2.727220 -0.128093
22.350000 0.063114 -2.849421 -0.134013
22.450000 0.062017 -2.981128 -0.140352
22.550000 0.060317 -3.111348 -0.146718
22.650000 0.059051 -3.250645 -0.153470
22.750000 0.057299 -3.383861 -0.160024
22.850000 0.055780 -3.553722 -0.168298
22.950000 0.054395 -3.714808 -0.176158
23.050000 0.053036 -3.876781 -0.184076
23.150000 0.051177 -4.028480 -0.191618
23.250000 0.049261 -4.227860 -0.201469
23.350000 0.047001 -4.398684 -0.210061
23.450000 0.045155 -4.602956 -0.220204
23.550000 0.043381 -4.814197 -0.230702
23.650000 0.041453 -5.017965 -0.240912
23.750000 0.038636 -5.244684 -0.252479
23.850000 0.036482 -5.493087 -0.264987
23.950000 0.034568 -5.719527 -0.276421
24.050000 0.031803 -5.978070 -0.289690
24.150000 0.030015 -6.252426 -0.303511
24.250000 0.027645 -6.519220 -0.317192
24.350000 0.024856 -6.834935 -0.333458
24.450000 0.021864 -7.136770 -0.349204
24.550000 0.019005 -7.478119 -0.366933
24.650000 0.014803 -7.823594 -0.385474
24.750000 0.011818 -8.170781 -0.403767
24.850000 0.008785 -8.571145 -0.424825
24.950000 0.005590 -9.031918 -0.449085
