-24.950000 -0.000052 2.051069 0.102559
-24.850000 -0.004752 1.873988 0.094147
-24.750000 -0.009078 1.724556 0.087018
-24.650000 -0.013661 1.568656 0.079519
-24.550000 -0.016899 1.448619 0.073676
-24.450000 -0.020031 1.378942 0.070356
-24.350000 -0.023652 1.288262 0.065974
-24.250000 -0.025992 1.207795 0.062001
-24.150000 -0.028952 1.124871 0.057920
-24.050000 -0.031941 1.048711 0.054166
-23.950000 -0.034510 0.976214 0.050555
-23.850000 -0.037152 0.907082 0.047104
-23.750000 -0.038549 0.863277 0.044894
-23.650000 -0.040494 0.826422 0.043065
-23.550000 -0.042463 0.789798 0.041241
-23.450000 -0.043743 0.740192 0.038703
-23.350000 -0.046219 0.714794 0.037472
-23.250000 -0.046977 0.700582 0.036756
-23.150000 -0.048503 0.648122 0.034058
-23.050000 -0.049867 0.608260 0.032009
-22.950000 -0.052144 0.572309 0.030190
-22.850000 -0.052820 0.555058 0.029301
-22.750000 -0.054520 0.520786 0.027541
-22.650000 -0.055862 0.500578 0.026510
-22.550000 -0.056949 0.457310 0.024246
-22.450000 -0.057658 0.436362 0.023153
-22.350000 -0.058862 0.427638 0.022719
-22.250000 -0.060210 0.397910 0.021170
-22.150000 -0.060471 0.378020 0.020118
-22.050000 -0.060876 0.363722 0.019365
-21.950000 -0.061339 0.358623 0.019103
-21.850000 -0.062342 0.343088 0.018295
-21.750000 -0.063438 0.327557 0.017487
-21.650000 -0.063559 0.320406 0.017108
-21.550000 -0.064299 0.303167 0.016200
-21.450000 -0.065226 0.295678 0.015815
-21.350000 -0.066332 0.273077 0.014624
-21.250000 -0.067287 0.260043 0.013940
-21.150000 -0.067232 0.240622 0.012898
-21.050000 -0.067690 0.242928 0.013028
-20.950000 -0.068591 0.232106 0.012460
-20.850000 -0.068852 0.211170 0.011339
-20.750000 -0.068815 0.222161 0.011929
-20.650000 -0.068085 0.238792 0.012812
-20.550000 -0.068489 0.223596 0.012002
-20.450000 -0.068867 0.198762 0.010673
-20.350000 -0.069728 0.168595 0.009062
-20.250000 -0.069691 0.167460 0.009000
-20.150000 -0.070774 0.157857 0.008494
-20.050000 -0.071374 0.146364 0.007881
-19.950000 -0.071552 0.127550 0.006869
-19.850000 -0.071857 0.139049 0.007491
-19.750000 -0.071318 0.140137 0.007545
-19.650000 -0.072262 0.133627 0.007202
-19.550000 -0.072581 0.128547 0.006930
-19.450000 -0.073205 0.135093 0.007288
-19.350000 -0.073628 0.118224 0.006381
-19.250000 -0.074883 0.107837 0.005828
-19.150000 -0.074731 0.114187 0.006170
-19.050000 -0.074832 0.101173 0.005468
-18.950000 -0.075335 0.094636 0.005117
-18.850000 -0.075874 0.088772 0.004803
-18.750000 -0.076068 0.091706 0.004963
-18.650000 -0.075772 0.087086 0.004711
-18.550000 -0.076917 0.079062 0.004283
-18.450000 -0.076906 0.080533 0.004362
-18.350000 -0.076640 0.091549 0.004957
-18.250000 -0.076366 0.081843 0.004430
-18.150000 -0.076538 0.083678 0.004531
-18.050000 -0.076665 0.079266 0.004292
-17.950000 -0.077106 0.079491 0.004307
-17.850000 -0.077227 0.067751 0.003671
-17.750000 -0.077240 0.074273 0.004024
-17.650000 -0.077041 0.077663 0.004207
-17.550000 -0.076995 0.082552 0.004472
-17.450000 -0.077600 0.071238 0.003862
-17.350000 -0.077920 0.065018 0.003526
-17.250000 -0.078518 0.056679 0.003075
-17.150000 -0.078119 0.041294 0.002240
-17.050000 -0.077781 0.060611 0.003286
-16.950000 -0.077901 0.066027 0.003580
-16.850000 -0.078887 0.082726 0.004491
-16.750000 -0.078514 0.074151 0.004023
-16.650000 -0.079130 0.074697 0.004056
-16.550000 -0.079202 0.076804 0.004170
-16.450000 -0.079469 0.077469 0.004208
-16.350000 -0.079697 0.074590 0.004052
-16.250000 -0.079833 0.051856 0.002818
-16.150000 -0.079627 0.052855 0.002871
-16.050000 -0.079535 0.037064 0.002013
-15.950000 -0.079773 0.037080 0.002015
-15.850000 -0.080353 0.034072 0.001852
-15.750000 -0.080383 0.020950 0.001139
-15.650000 -0.080944 0.029460 0.001603
-15.550000 -0.080690 0.031892 0.001735
-15.450000 -0.079949 0.033521 0.001822
-15.350000 -0.081108 0.046529 0.002532
-15.250000 -0.081850 0.040165 0.002187
-15.150000 -0.081375 0.051017 0.002777
-15.050000 -0.080426 0.046381 0.002522
-14.950000 -0.080381 0.036917 0.002007
-14.850000 -0.080532 0.047193 0.002566
-14.750000 -0.080747 0.040982 0.002229
-14.650000 -0.081077 0.042929 0.002336
-14.550000 -0.080764 0.040442 0.002200
-14.450000 -0.081097 0.035561 0.001935
-14.350000 -0.080929 0.027374 0.001489
-14.250000 -0.081025 0.033313 0.001813
-14.150000 -0.081337 0.042495 0.002313
-14.050000 -0.081351 0.015024 0.000818
-13.950000 -0.081883 0.002313 0.000126
-13.850000 -0.081758 0.013265 0.000722
-13.750000 -0.081082 0.022341 0.001216
-13.650000 -0.080942 0.020428 0.001111
-13.550000 -0.082335 0.016810 0.000916
-13.450000 -0.081361 0.022887 0.001246
-13.350000 -0.081062 0.044609 0.002427
-13.250000 -0.081488 0.060621 0.003300
-13.150000 -0.081946 0.042052 0.002290
-13.050000 -0.082026 0.037069 0.002019
-12.950000 -0.082614 0.017936 0.000978
-12.850000 -0.082960 0.009490 0.000517
-12.750000 -0.082908 0.017766 0.000969
-12.650000 -0.081531 0.045512 0.002478
-12.550000 -0.081803 0.041215 0.002244
-12.450000 -0.081577 0.035057 0.001909
-12.350000 -0.082055 0.029520 0.001608
-12.250000 -0.082905 0.038239 0.002085
-12.150000 -0.081990 0.041947 0.002285
-12.050000 -0.081385 0.044687 0.002432
-11.950000 -0.080991 0.059149 0.003218
-11.850000 -0.080985 0.051879 0.002823
-11.750000 -0.081294 0.035409 0.001927
-11.650000 -0.080446 0.044001 0.002392
-11.550000 -0.080440 0.046654 0.002537
-11.450000 -0.080448 0.060704 0.003301
-11.350000 -0.080719 0.057355 0.003120
-11.250000 -0.079630 0.048546 0.002637
-11.150000 -0.079434 0.040399 0.002194
-11.050000 -0.080715 0.028411 0.001545
-10.950000 -0.080668 0.025187 0.001370
-10.850000 -0.080931 0.041997 0.002285
-10.750000 -0.080109 0.033682 0.001831
-10.650000 -0.080419 0.046025 0.002503
-10.550000 -0.080586 0.037463 0.002037
-10.450000 -0.080381 0.045794 0.002490
-10.350000 -0.079414 0.055357 0.003007
-10.250000 -0.079327 0.045721 0.002483
-10.150000 -0.079742 0.046011 0.002500
-10.050000 -0.080014 0.052733 0.002866
-9.950000 -0.079615 0.043116 0.002342
-9.850000 -0.079501 0.023118 0.001256
-9.750000 -0.080644 0.033903 0.001844
-9.650000 -0.080880 0.021231 0.001155
-9.550000 -0.082478 0.024699 0.001346
-9.450000 -0.082060 0.025948 0.001413
-9.350000 -0.081532 0.027514 0.001498
-9.250000 -0.081981 0.031838 0.001734
-9.150000 -0.082323 0.027893 0.001520
-9.050000 -0.082435 0.014101 0.000768
-8.950000 -0.082423 0.028608 0.001559
-8.850000 -0.082514 0.021949 0.001196
-8.750000 -0.082154 0.010500 0.000572
-8.650000 -0.081236 0.032565 0.001772
-8.550000 -0.080952 0.033725 0.001835
-8.450000 -0.080501 0.024431 0.001328
-8.350000 -0.079843 0.036167 0.001965
-8.250000 -0.080880 0.048644 0.002646
-8.150000 -0.080994 0.054236 0.002951
-8.050000 -0.080868 0.062393 0.003394
-7.950000 -0.080550 0.073949 0.004021
-7.850000 -0.080169 0.083709 0.004550
-7.750000 -0.079606 0.074391 0.004041
-7.650000 -0.079482 0.068540 0.003723
-7.550000 -0.079922 0.072805 0.003956
-7.450000 -0.079659 0.091449 0.004968
-7.350000 -0.079465 0.086599 0.004704
-7.250000 -0.079597 0.080304 0.004362
-7.150000 -0.079189 0.082946 0.004504
-7.050000 -0.078540 0.099335 0.005390
-6.950000 -0.079280 0.110579 0.006005
-6.850000 -0.079197 0.098194 0.005332
-6.750000 -0.078628 0.105973 0.005751
-6.650000 -0.078834 0.094399 0.005124
-6.550000 -0.078555 0.088512 0.004803
-6.450000 -0.078280 0.077602 0.004210
-6.350000 -0.077191 0.092387 0.005006
-6.250000 -0.077779 0.106121 0.005754
-6.150000 -0.076923 0.103253 0.005593
-6.050000 -0.076199 0.121593 0.006581
-5.950000 -0.076111 0.133991 0.007251
-5.850000 -0.075763 0.130044 0.007035
-5.750000 -0.075946 0.114334 0.006187
-5.650000 -0.076305 0.114925 0.006221
-5.550000 -0.075761 0.114256 0.006181
-5.450000 -0.074675 0.132035 0.007135
-5.350000 -0.073980 0.154106 0.008321
-5.250000 -0.073748 0.169846 0.009168
-5.150000 -0.073904 0.155938 0.008419
-5.050000 -0.073523 0.189039 0.010202
-4.950000 -0.074101 0.174016 0.009397
-4.850000 -0.074027 0.148270 0.008006
-4.750000 -0.073574 0.169702 0.009159
-4.650000 -0.073209 0.185506 0.010008
-4.550000 -0.072624 0.206936 0.011157
-4.450000 -0.071362 0.214726 0.011561
-4.350000 -0.070427 0.234352 0.012605
-4.250000 -0.070065 0.247866 0.013327
-4.150000 -0.069782 0.263716 0.014175
-4.050000 -0.068817 0.262080 0.014072
-3.950000 -0.068106 0.254709 0.013666
-3.850000 -0.068388 0.267426 0.014353
-3.750000 -0.068096 0.263040 0.014113
-3.650000 -0.067878 0.249169 0.013366
-3.550000 -0.066124 0.264568 0.014165
-3.450000 -0.065341 0.287644 0.015388
-3.350000 -0.065297 0.291985 0.015619
-3.250000 -0.064336 0.303972 0.016244
-3.150000 -0.063395 0.349222 0.018643
-3.050000 -0.062988 0.354074 0.018894
-2.950000 -0.061979 0.374936 0.019985
-2.850000 -0.059753 0.403681 0.021467
-2.750000 -0.059078 0.424673 0.022567
-2.650000 -0.056934 0.442221 0.023446
-2.550000 -0.056408 0.452325 0.023968
-2.450000 -0.055813 0.487776 0.025830
-2.350000 -0.053982 0.515240 0.027232
-2.250000 -0.051810 0.543977 0.028685
-2.150000 -0.050719 0.568107 0.029923
-2.050000 -0.049513 0.604618 0.031806
-1.950000 -0.048099 0.640946 0.033667
-1.850000 -0.046648 0.677118 0.035512
-1.750000 -0.045952 0.710270 0.037224
-1.650000 -0.043927 0.741760 0.038792
-1.550000 -0.042399 0.761543 0.039763
-1.450000 -0.040950 0.813085 0.042390
-1.350000 -0.039437 0.854365 0.044472
-1.250000 -0.037959 0.889029 0.046205
-1.150000 -0.035190 0.971319 0.050337
-1.050000 -0.032705 1.023288 0.052894
-0.950000 -0.030341 1.089655 0.056188
-0.850000 -0.028089 1.158489 0.059599
-0.750000 -0.026442 1.218925 0.062602
-0.650000 -0.023549 1.294808 0.066302
-0.550000 -0.020166 1.395089 0.071190
-0.450000 -0.017417 1.465886 0.074594
-0.350000 -0.014286 1.591945 0.080751
-0.250000 -0.009560 1.724126 0.087038
-0.150000 -0.005211 1.870929 0.094036
-0.050000 -0.000744 2.038958 0.102024
0.050000 0.003879 -1.795660 -0.089436
0.150000 0.007788 -1.656075 -0.082164
0.250000 0.010824 -1.544488 -0.076397
0.350000 0.013506 -1.451970 -0.071631
0.450000 0.016556 -1.356376 -0.066714
0.550000 0.019808 -1.301514 -0.063812
0.650000 0.023114 -1.231232 -0.060171
0.750000 0.026067 -1.160167 -0.056535
0.850000 0.028285 -1.109917 -0.053969
0.950000 0.030570 -1.053033 -0.051090
1.050000 0.032419 -0.993052 -0.048093
1.150000 0.034740 -0.932257 -0.045048
1.250000 0.036673 -0.878625 -0.042377
1.350000 0.038791 -0.835226 -0.040202
1.450000 0.040416 -0.808268 -0.038843
1.550000 0.042727 -0.770768 -0.036959
1.650000 0.044299 -0.743123 -0.035580
1.750000 0.045962 -0.725124 -0.034663
1.850000 0.046788 -0.678435 -0.032406
1.950000 0.048165 -0.640646 -0.030560
2.050000 0.048983 -0.622828 -0.029687
2.150000 0.050584 -0.604160 -0.028754
2.250000 0.051745 -0.572184 -0.027202
2.350000 0.053096 -0.565658 -0.026857
2.450000 0.054306 -0.540818 -0.025648
2.550000 0.054717 -0.506214 -0.023998
2.650000 0.055211 -0.482961 -0.022885
2.750000 0.056532 -0.486843 -0.023040
2.850000 0.057259 -0.471902 -0.022317
2.950000 0.057690 -0.439280 -0.020766
3.050000 0.059020 -0.426486 -0.020136
3.150000 0.059499 -0.410704 -0.019382
3.250000 0.060214 -0.401364 -0.018928
3.350000 0.061361 -0.378426 -0.017827
3.450000 0.061817 -0.361011 -0.017000
3.550000 0.063255 -0.339752 -0.015977
3.650000 0.064460 -0.327171 -0.015368
3.750000 0.065782 -0.297056 -0.013936
3.850000 0.066252 -0.291513 -0.013670
3.950000 0.066407 -0.288731 -0.013538
4.050000 0.066378 -0.282577 -0.013249
4.150000 0.067435 -0.269495 -0.012623
4.250000 0.067441 -0.268473 -0.012576
4.350000 0.068051 -0.248521 -0.011634
4.450000 0.068576 -0.236179 -0.011051
4.550000 0.068528 -0.207835 -0.009725
4.650000 0.069181 -0.217630 -0.010177
4.750000 0.069818 -0.231096 -0.010801
4.850000 0.069816 -0.210346 -0.009831
4.950000 0.070756 -0.212998 -0.009946
5.050000 0.071575 -0.210796 -0.009836
5.150000 0.072536 -0.180149 -0.008398
5.250000 0.072108 -0.163941 -0.007646
5.350000 0.073003 -0.166803 -0.007773
5.450000 0.074014 -0.155655 -0.007246
5.550000 0.073038 -0.136004 -0.006337
5.650000 0.074209 -0.128190 -0.005967
5.750000 0.074871 -0.125345 -0.005831
5.850000 0.074677 -0.132032 -0.006143
5.950000 0.074576 -0.138258 -0.006433
6.050000 0.074549 -0.140684 -0.006546
6.150000 0.074811 -0.142083 -0.006610
6.250000 0.075684 -0.147630 -0.006862
6.350000 0.075652 -0.129853 -0.006036
6.450000 0.077130 -0.114967 -0.005337
6.550000 0.077206 -0.120868 -0.005610
6.650000 0.077421 -0.116023 -0.005384
6.750000 0.077625 -0.092918 -0.004311
6.850000 0.077850 -0.088540 -0.004107
6.950000 0.078581 -0.095258 -0.004416
7.050000 0.077770 -0.104986 -0.004871
7.150000 0.078137 -0.095536 -0.004431
7.250000 0.079130 -0.083946 -0.003890
7.350000 0.079645 -0.083221 -0.003854
7.450000 0.079069 -0.082667 -0.003830
7.550000 0.077871 -0.096272 -0.004466
7.650000 0.078518 -0.084788 -0.003931
7.750000 0.079761 -0.084415 -0.003909
7.850000 0.080403 -0.080012 -0.003703
7.950000 0.081162 -0.094651 -0.004377
8.050000 0.080767 -0.075455 -0.003491
8.150000 0.079885 -0.081494 -0.003773
8.250000 0.079099 -0.100013 -0.004634
8.350000 0.079600 -0.085712 -0.003970
8.450000 0.080930 -0.084882 -0.003926
8.550000 0.080132 -0.074387 -0.003443
8.650000 0.080363 -0.065298 -0.003022
8.750000 0.080748 -0.032651 -0.001511
8.850000 0.081069 -0.044363 -0.002052
8.950000 0.080797 -0.043268 -0.002002
9.050000 0.080800 -0.042419 -0.001962
9.150000 0.081399 -0.045819 -0.002118
9.250000 0.081522 -0.058720 -0.002715
9.350000 0.080710 -0.056074 -0.002594
9.450000 0.081026 -0.046171 -0.002135
9.550000 0.080588 -0.051680 -0.002391
9.650000 0.081136 -0.050403 -0.002331
9.750000 0.081607 -0.050784 -0.002348
9.850000 0.081739 -0.044992 -0.002080
9.950000 0.081640 -0.030020 -0.001388
10.050000 0.080709 -0.041522 -0.001921
10.150000 0.080217 -0.025000 -0.001157
10.250000 0.080754 -0.022895 -0.001059
10.350000 0.081668 -0.029267 -0.001353
10.450000 0.081801 -0.018324 -0.000847
10.550000 0.081321 -0.030346 -0.001403
10.650000 0.081927 0.000217 0.000010
10.750000 0.082331 -0.009541 -0.000441
10.850000 0.082752 0.009912 0.000458
10.950000 0.083488 -0.006903 -0.000319
11.050000 0.082907 -0.005523 -0.000255
11.150000 0.082781 -0.020246 -0.000935
11.250000 0.082437 -0.023056 -0.001065
11.350000 0.082164 -0.046946 -0.002169
11.450000 0.082038 -0.047393 -0.002190
11.550000 0.082745 -0.051330 -0.002370
11.650000 0.083059 -0.059165 -0.002731
11.750000 0.083428 -0.055241 -0.002549
11.850000 0.082099 -0.046747 -0.002160
11.950000 0.082326 -0.041514 -0.001918
12.050000 0.082526 -0.035100 -0.001621
12.150000 0.082434 -0.018793 -0.000868
12.250000 0.082013 -0.003038 -0.000140
12.350000 0.082141 -0.024134 -0.001115
12.450000 0.082703 -0.033080 -0.001528
12.550000 0.083413 -0.030893 -0.001426
12.650000 0.083165 -0.037551 -0.001733
12.750000 0.082060 -0.055543 -0.002567
12.850000 0.081690 -0.048753 -0.002254
12.950000 0.081054 -0.034724 -0.001606
13.050000 0.080865 -0.052669 -0.002436
13.150000 0.081309 -0.055038 -0.002545
13.250000 0.080826 -0.060192 -0.002785
13.350000 0.080806 -0.052774 -0.002441
13.450000 0.081004 -0.042821 -0.001981
13.550000 0.080997 -0.037444 -0.001732
13.650000 0.081760 -0.033820 -0.001563
13.750000 0.082348 -0.034699 -0.001603
13.850000 0.082579 -0.020835 -0.000962
13.950000 0.082068 -0.013053 -0.000603
14.050000 0.083213 -0.028879 -0.001333
14.150000 0.083005 -0.007270 -0.000336
14.250000 0.082494 -0.019580 -0.000904
14.350000 0.081849 -0.035527 -0.001642
14.450000 0.082149 -0.008179 -0.000378
14.550000 0.083128 -0.004883 -0.000225
14.650000 0.082313 -0.030080 -0.001390
14.750000 0.081307 -0.046612 -0.002155
14.850000 0.081713 -0.045727 -0.002114
14.950000 0.082632 -0.054671 -0.002525
15.050000 0.081675 -0.051057 -0.002360
15.150000 0.081705 -0.041817 -0.001933
15.250000 0.081957 -0.049639 -0.002294
15.350000 0.082075 -0.050623 -0.002339
15.450000 0.081174 -0.044994 -0.002081
15.550000 0.081070 -0.045390 -0.002099
15.650000 0.080676 -0.056719 -0.002624
15.750000 0.080452 -0.057919 -0.002680
15.850000 0.081014 -0.056012 -0.002591
15.950000 0.081231 -0.058263 -0.002694
16.050000 0.081184 -0.073040 -0.003378
16.150000 0.080438 -0.062008 -0.002870
16.250000 0.080131 -0.069065 -0.003197
16.350000 0.080561 -0.072789 -0.003368
16.450000 0.080393 -0.050073 -0.002317
16.550000 0.079975 -0.059442 -0.002752
16.650000 0.079489 -0.074740 -0.003462
16.750000 0.079374 -0.061623 -0.002855
16.850000 0.079815 -0.077888 -0.003607
16.950000 0.080673 -0.039456 -0.001826
17.050000 0.080387 -0.059251 -0.002742
17.150000 0.080138 -0.048362 -0.002239
17.250000 0.080562 -0.047912 -0.002217
17.350000 0.079517 -0.051221 -0.002372
17.450000 0.079281 -0.039678 -0.001838
17.550000 0.079331 -0.057641 -0.002670
17.650000 0.078985 -0.044682 -0.002071
17.750000 0.079470 -0.054568 -0.002528
17.850000 0.079215 -0.065827 -0.003050
17.950000 0.080006 -0.065271 -0.003022
18.050000 0.079960 -0.095078 -0.004402
18.150000 0.080392 -0.083299 -0.003855
18.250000 0.080363 -0.087638 -0.004056
18.350000 0.080026 -0.086046 -0.003984
18.450000 0.080286 -0.074503 -0.003448
18.550000 0.078834 -0.089672 -0.004156
18.650000 0.078555 -0.088970 -0.004125
18.750000 0.078850 -0.089621 -0.004154
18.850000 0.077912 -0.087176 -0.004044
18.950000 0.077714 -0.111241 -0.005161
19.050000 0.077526 -0.109468 -0.005080
19.150000 0.076485 -0.112018 -0.005203
19.250000 0.076377 -0.132294 -0.006145
19.350000 0.075986 -0.153494 -0.007133
19.450000 0.075009 -0.151193 -0.007032
19.550000 0.075615 -0.156300 -0.007266
19.650000 0.075150 -0.160580 -0.007468
19.750000 0.074295 -0.170438 -0.007933
19.850000 0.074730 -0.171818 -0.007994
19.950000 0.073731 -0.181936 -0.008472
20.050000 0.073192 -0.203259 -0.009470
20.150000 0.071723 -0.231205 -0.010787
20.250000 0.070306 -0.225329 -0.010526
20.350000 0.069931 -0.212724 -0.009941
20.450000 0.070179 -0.214303 -0.010012
20.550000 0.070672 -0.197913 -0.009242
20.650000 0.070131 -0.223541 -0.010445
20.750000 0.069896 -0.208199 -0.009730
20.850000 0.069081 -0.212028 -0.009916
20.950000 0.068399 -0.237362 -0.011108
21.050000 0.067728 -0.267539 -0.012528
21.150000 0.067180 -0.262072 -0.012279
21.250000 0.066218 -0.266870 -0.012515
21.350000 0.065539 -0.305702 -0.014345
21.450000 0.064274 -0.311490 -0.014634
21.550000 0.064090 -0.309082 -0.014523
21.650000 0.063277 -0.305900 -0.014385
21.750000 0.062022 -0.329237 -0.015500
21.850000 0.061384 -0.361093 -0.017010
21.950000 0.060833 -0.376238 -0.017733
22.050000 0.060352 -0.398629 -0.018797
22.150000 0.058859 -0.405786 -0.019161
22.250000 0.057541 -0.434266 -0.020532
22.350000 0.057175 -0.455400 -0.021539
22.450000 0.055667 -0.464102 -0.021981
22.550000 0.054356 -0.485781 -0.023037
22.650000 0.053006 -0.506567 -0.024053
22.750000 0.052386 -0.526074 -0.024994
22.850000 0.051509 -0.546600 -0.025991
22.950000 0.051055 -0.587253 -0.027936
23.050000 0.049306 -0.630918 -0.030064
23.150000 0.047763 -0.634181 -0.030264
23.250000 0.045721 -0.652896 -0.031218
23.350000 0.043860 -0.706980 -0.033864
23.450000 0.042576 -0.740534 -0.035515
23.550000 0.040737 -0.793639 -0.038129
23.650000 0.039053 -0.844160 -0.040622
23.750000 0.037993 -0.881579 -0.042466
23.850000 0.036545 -0.927648 -0.044747
23.950000 0.032730 -0.971763 -0.047048
24.050000 0.030713 -1.029362 -0.049934
24.150000 0.028336 -1.092653 -0.053127
24.250000 0.026116 -1.151199 -0.056095
24.350000 0.023115 -1.207656 -0.059019
24.450000 0.020431 -1.275497 -0.062498
24.550000 0.016688 -1.352509 -0.066515
24.650000 0.013889 -1.447740 -0.071395
24.750000 0.011041 -1.560402 -0.077168
24.850000 0.007550 -1.671410 -0.082944
24.950000 0.003653 -1.797114 -0.089529
