-4.990000 0.025911 8.844883 0.431075
-4.970000 -0.042569 4.721485 0.246571
-4.950000 -0.075518 2.925700 0.158235
-4.930000 -0.095409 1.921194 0.106191
-4.910000 -0.109279 1.304319 0.073217
-4.890000 -0.118139 0.908334 0.051501
-4.870000 -0.125200 0.638294 0.036482
-4.850000 -0.130129 0.455197 0.026165
-4.830000 -0.134679 0.315084 0.018206
-4.810000 -0.137026 0.235836 0.013664
-4.790000 -0.139318 0.168942 0.009814
-4.770000 -0.141405 0.118317 0.006890
-4.750000 -0.142503 0.095223 0.005552
-4.730000 -0.144032 0.056206 0.003283
-4.710000 -0.144997 0.048062 0.002811
-4.690000 -0.145179 0.036035 0.002108
-4.670000 -0.146039 0.025494 0.001493
-4.650000 -0.146838 0.027739 0.001626
-4.630000 -0.146662 0.025708 0.001506
-4.610000 -0.147587 0.010853 0.000637
-4.590000 -0.148026 0.010900 0.000640
-4.570000 -0.148292 0.003975 0.000233
-4.550000 -0.148822 -0.001285 -0.000075
-4.530000 -0.148393 -0.009345 -0.000549
-4.510000 -0.148961 -0.004536 -0.000267
-4.490000 -0.149068 -0.005934 -0.000349
-4.470000 -0.149203 -0.006814 -0.000400
-4.450000 -0.149376 -0.006668 -0.000392
-4.430000 -0.149547 0.004397 0.000259
-4.410000 -0.149956 -0.001329 -0.000078
-4.390000 -0.149183 -0.004958 -0.000291
-4.370000 -0.150033 0.000214 0.000013
-4.350000 -0.150105 0.000728 0.000043
-4.330000 -0.150064 -0.001037 -0.000061
-4.310000 -0.150174 -0.002060 -0.000121
-4.290000 -0.150180 0.001081 0.000064
-4.270000 -0.149820 -0.002442 -0.000144
-4.250000 -0.150158 0.008391 0.000494
-4.230000 -0.149369 0.002123 0.000125
-4.210000 -0.150134 -0.000915 -0.000054
-4.190000 -0.149403 0.000615 0.000036
-4.170000 -0.150105 0.006536 0.000385
-4.150000 -0.149796 0.000633 0.000037
-4.130000 -0.149923 -0.003456 -0.000203
-4.110000 -0.149719 -0.008508 -0.000500
-4.090000 -0.150051 -0.003903 -0.000230
-4.070000 -0.149852 -0.005019 -0.000295
-4.050000 -0.149982 -0.011716 -0.000689
-4.030000 -0.150197 -0.008542 -0.000503
-4.010000 -0.149946 -0.002192 -0.000129
-3.990000 -0.149996 -0.006894 -0.000406
-3.970000 -0.150062 0.006299 0.000371
-3.950000 -0.149635 -0.000645 -0.000038
-3.930000 -0.149645 0.006680 0.000393
-3.910000 -0.149556 0.004222 0.000248
-3.890000 -0.149348 -0.002247 -0.000132
-3.870000 -0.149535 0.005531 0.000325
-3.850000 -0.149413 -0.005433 -0.000319
-3.830000 -0.149587 0.005669 0.000333
-3.810000 -0.149686 0.008429 0.000496
-3.790000 -0.149716 -0.001008 -0.000059
-3.770000 -0.150006 0.008160 0.000480
-3.750000 -0.149825 0.001004 0.000059
-3.730000 -0.150040 0.005000 0.000294
-3.710000 -0.150473 0.002601 0.000153
-3.690000 -0.150104 -0.002828 -0.000166
-3.670000 -0.150363 -0.004618 -0.000272
-3.650000 -0.149926 -0.003449 -0.000203
-3.630000 -0.150290 -0.000019 -0.000001
-3.610000 -0.150314 -0.001879 -0.000111
-3.590000 -0.149875 -0.003659 -0.000215
-3.570000 -0.150216 0.003956 0.000233
-3.550000 -0.150121 0.007914 0.000466
-3.530000 -0.150164 -0.002891 -0.000170
-3.510000 -0.149769 0.004277 0.000252
-3.490000 -0.149770 -0.000710 -0.000042
-3.470000 -0.149603 0.002862 0.000168
-3.450000 -0.149462 -0.004045 -0.000238
-3.430000 -0.149740 0.012681 0.000746
-3.410000 -0.150091 -0.003507 -0.000206
-3.390000 -0.149962 0.011067 0.000651
-3.370000 -0.150310 0.008546 0.000503
-3.350000 -0.149736 0.012743 0.000749
-3.330000 -0.149962 -0.006498 -0.000382
-3.310000 -0.150318 0.001837 0.000108
-3.290000 -0.150062 0.003192 0.000188
-3.270000 -0.150092 0.002276 0.000134
-3.250000 -0.149796 -0.001195 -0.000070
-3.230000 -0.149979 0.000880 0.000052
-3.210000 -0.149754 -0.005901 -0.000347
-3.190000 -0.149866 0.002334 0.000137
-3.170000 -0.149541 -0.007353 -0.000432
-3.150000 -0.149795 -0.001618 -0.000095
-3.130000 -0.149577 -0.004382 -0.000258
-3.110000 -0.150112 -0.004741 -0.000279
-3.090000 -0.149719 0.000582 0.000034
-3.070000 -0.149548 -0.008186 -0.000481
-3.050000 -0.149495 0.004060 0.000239
-3.030000 -0.149407 0.002246 0.000132
-3.010000 -0.149594 0.004180 0.000246
-2.990000 -0.149616 -0.000184 -0.000011
-2.970000 -0.149617 0.002736 0.000161
-2.950000 -0.149728 0.005863 0.000345
-2.930000 -0.149703 0.008686 0.000511
-2.910000 -0.149318 0.009160 0.000538
-2.890000 -0.150011 0.002722 0.000160
-2.870000 -0.149496 0.007091 0.000417
-2.850000 -0.149807 0.011117 0.000654
-2.830000 -0.148996 0.006570 0.000386
-2.810000 -0.149738 -0.007521 -0.000442
-2.790000 -0.149174 0.001937 0.000114
-2.770000 -0.149606 0.004958 0.000292
-2.750000 -0.149352 0.010340 0.000608
-2.730000 -0.149418 0.013556 0.000797
-2.710000 -0.150147 0.003043 0.000179
-2.690000 -0.149670 0.002545 0.000150
-2.670000 -0.150004 -0.003194 -0.000188
-2.650000 -0.150135 0.003343 0.000197
-2.630000 -0.150085 -0.007932 -0.000467
-2.610000 -0.150417 0.002552 0.000150
-2.590000 -0.150006 0.005308 0.000312
-2.570000 -0.150396 0.001831 0.000108
-2.550000 -0.149945 0.000276 0.000016
-2.530000 -0.149851 0.000863 0.000051
-2.510000 -0.149933 -0.004103 -0.000241
-2.490000 -0.149664 -0.008894 -0.000523
-2.470000 -0.150054 0.000737 0.000043
-2.450000 -0.150006 -0.017751 -0.001044
-2.430000 -0.149633 -0.003300 -0.000194
-2.410000 -0.149401 -0.002612 -0.000154
-2.390000 -0.149142 0.001263 0.000074
-2.370000 -0.149244 0.004992 0.000293
-2.350000 -0.148951 0.002793 0.000164
-2.330000 -0.149237 0.008715 0.000512
-2.310000 -0.148911 0.006762 0.000397
-2.290000 -0.149168 0.005495 0.000323
-2.270000 -0.149285 -0.000649 -0.000038
-2.250000 -0.149242 -0.001481 -0.000087
-2.230000 -0.149351 0.006777 0.000398
-2.210000 -0.149282 0.002523 0.000148
-2.190000 -0.149133 0.002593 0.000152
-2.170000 -0.149308 -0.001595 -0.000094
-2.150000 -0.149450 0.010267 0.000604
-2.130000 -0.149642 0.005986 0.000352
-2.110000 -0.149432 0.008643 0.000508
-2.090000 -0.149242 0.000571 0.000034
-2.070000 -0.149244 0.002543 0.000149
-2.050000 -0.149559 -0.004050 -0.000238
-2.030000 -0.149365 0.004594 0.000270
-2.010000 -0.149490 0.001570 0.000092
-1.990000 -0.149270 -0.002688 -0.000158
-1.970000 -0.149580 0.001517 0.000089
-1.950000 -0.149558 -0.001413 -0.000083
-1.930000 -0.149742 0.005958 0.000350
-1.910000 -0.149073 0.008449 0.000496
-1.890000 -0.149495 -0.008242 -0.000485
-1.870000 -0.149891 -0.003708 -0.000218
-1.850000 -0.149613 0.000169 0.000010
-1.830000 -0.149531 0.002956 0.000174
-1.810000 -0.149246 0.002679 0.000157
-1.790000 -0.149433 -0.004425 -0.000260
-1.770000 -0.149618 0.003019 0.000177
-1.750000 -0.149425 -0.004367 -0.000257
-1.730000 -0.149539 0.002121 0.000125
-1.710000 -0.149730 -0.006850 -0.000403
-1.690000 -0.149676 0.003297 0.000194
-1.670000 -0.149689 0.006345 0.000373
-1.650000 -0.149681 -0.009085 -0.000534
-1.630000 -0.149607 0.004959 0.000292
-1.610000 -0.149624 0.009687 0.000570
-1.590000 -0.149107 0.007518 0.000442
-1.570000 -0.149120 0.005886 0.000346
-1.550000 -0.149288 -0.000363 -0.000021
-1.530000 -0.149831 0.000621 0.000037
-1.510000 -0.149463 0.004130 0.000243
-1.490000 -0.149614 -0.001068 -0.000063
-1.470000 -0.149691 -0.002416 -0.000142
-1.450000 -0.149924 -0.005158 -0.000303
-1.430000 -0.150214 0.001339 0.000079
-1.410000 -0.149886 0.006903 0.000406
-1.390000 -0.149788 -0.000309 -0.000018
-1.370000 -0.149865 -0.003985 -0.000234
-1.350000 -0.149465 0.003538 0.000208
-1.330000 -0.149710 0.007878 0.000463
-1.310000 -0.149421 0.003048 0.000179
-1.290000 -0.149641 -0.006455 -0.000380
-1.270000 -0.149730 0.001544 0.000091
-1.250000 -0.149779 0.003426 0.000201
-1.230000 -0.149751 0.000509 0.000030
-1.210000 -0.149149 -0.003245 -0.000191
-1.190000 -0.149493 0.003348 0.000197
-1.170000 -0.149605 0.001030 0.000061
-1.150000 -0.149855 -0.000439 -0.000026
-1.130000 -0.149874 -0.015255 -0.000897
-1.110000 -0.150205 0.002186 0.000129
-1.090000 -0.150178 -0.010324 -0.000607
-1.070000 -0.150305 -0.005803 -0.000341
-1.050000 -0.150379 -0.006891 -0.000406
-1.030000 -0.150263 -0.001728 -0.000102
-1.010000 -0.150231 -0.001397 -0.000082
-0.990000 -0.149639 0.009289 0.000546
-0.970000 -0.149609 0.002324 0.000137
-0.950000 -0.149531 0.006602 0.000388
-0.930000 -0.149746 0.011103 0.000653
-0.910000 -0.149352 0.014892 0.000875
-0.890000 -0.149729 0.005430 0.000319
-0.870000 -0.149547 0.008917 0.000524
-0.850000 -0.149666 0.002434 0.000143
-0.830000 -0.149855 0.004012 0.000236
-0.810000 -0.149514 0.002980 0.000175
-0.790000 -0.149830 0.007588 0.000446
-0.770000 -0.148995 0.010277 0.000604
-0.750000 -0.149359 0.004448 0.000261
-0.730000 -0.149662 0.006613 0.000389
-0.710000 -0.149986 0.003489 0.000205
-0.690000 -0.149710 0.002957 0.000174
-0.670000 -0.149819 -0.000908 -0.000053
-0.650000 -0.149350 -0.004487 -0.000264
-0.630000 -0.149467 -0.014742 -0.000867
-0.610000 -0.149169 -0.004456 -0.000262
-0.590000 -0.149376 -0.003312 -0.000195
-0.570000 -0.149032 -0.001008 -0.000059
-0.550000 -0.148873 0.000084 0.000005
-0.530000 -0.148805 0.000735 0.000043
-0.510000 -0.148672 -0.010377 -0.000609
-0.490000 -0.148399 0.004395 0.000258
-0.470000 -0.147940 -0.001887 -0.000111
-0.450000 -0.147549 0.002201 0.000129
-0.430000 -0.147747 0.003362 0.000197
-0.410000 -0.147027 0.007560 0.000443
-0.390000 -0.146818 0.011998 0.000703
-0.370000 -0.146651 0.020228 0.001185
-0.350000 -0.145375 0.022238 0.001301
-0.330000 -0.145282 0.027526 0.001610
-0.310000 -0.144221 0.027566 0.001611
-0.290000 -0.143605 0.060039 0.003505
-0.270000 -0.142711 0.077680 0.004531
-0.250000 -0.141595 0.096016 0.005593
-0.230000 -0.140198 0.125481 0.007297
-0.210000 -0.138615 0.182328 0.010583
-0.190000 -0.135952 0.249047 0.014412
-0.170000 -0.133259 0.328585 0.018955
-0.150000 -0.128768 0.467771 0.026845
-0.130000 -0.123922 0.654705 0.037366
-0.110000 -0.116902 0.921162 0.052155
-0.090000 -0.107697 1.328834 0.074461
-0.070000 -0.094409 1.936456 0.106917
-0.050000 -0.074717 2.936075 0.158658
-0.030000 -0.041686 4.706882 0.245581
-0.010000 0.026897 8.860584 0.431425
0.010000 0.076099 -6.925123 -0.321770
0.030000 0.089969 -4.559589 -0.209161
0.050000 0.101490 -3.192355 -0.144911
0.070000 0.111196 -2.276620 -0.102440
0.090000 0.118768 -1.642886 -0.073424
0.110000 0.125473 -1.198286 -0.053235
0.130000 0.130192 -0.882320 -0.039034
0.150000 0.133908 -0.634096 -0.027961
0.170000 0.137152 -0.468182 -0.020586
0.190000 0.139103 -0.325990 -0.014309
0.210000 0.142038 -0.245365 -0.010742
0.230000 0.142982 -0.172945 -0.007566
0.250000 0.144342 -0.118951 -0.005197
0.270000 0.144942 -0.096033 -0.004194
0.290000 0.145607 -0.066632 -0.002908
0.310000 0.145922 -0.055058 -0.002402
0.330000 0.146149 -0.039205 -0.001710
0.350000 0.147194 -0.032675 -0.001424
0.370000 0.147095 -0.029314 -0.001278
0.390000 0.146913 -0.020225 -0.000882
0.410000 0.147224 -0.020640 -0.000900
0.430000 0.147182 -0.015179 -0.000662
0.450000 0.147460 -0.001938 -0.000084
0.470000 0.147691 -0.005655 -0.000246
0.490000 0.147486 -0.003842 -0.000167
0.510000 0.147503 -0.003004 -0.000131
0.530000 0.147519 -0.012312 -0.000536
0.550000 0.147284 -0.003995 -0.000174
0.570000 0.147693 -0.010460 -0.000456
0.590000 0.147812 -0.016545 -0.000721
0.610000 0.147471 -0.010080 -0.000439
0.630000 0.148415 0.000350 0.000015
0.650000 0.147270 0.001267 0.000055
0.670000 0.147970 -0.004601 -0.000200
0.690000 0.147826 0.001370 0.000060
0.710000 0.147902 -0.003466 -0.000151
0.730000 0.148294 -0.013584 -0.000592
0.750000 0.148260 -0.001600 -0.000070
0.770000 0.148623 -0.016327 -0.000711
0.790000 0.148483 0.003572 0.000155
0.810000 0.148674 0.006653 0.000290
0.830000 0.148092 0.008317 0.000362
0.850000 0.148199 0.008431 0.000367
0.870000 0.148208 0.001884 0.000082
0.890000 0.148211 0.000137 0.000006
0.910000 0.148161 -0.001771 -0.000077
0.930000 0.147993 -0.003746 -0.000163
0.950000 0.148074 0.003144 0.000137
0.970000 0.147532 -0.000359 -0.000016
0.990000 0.147900 0.004259 0.000186
1.010000 0.148020 0.004729 0.000206
1.030000 0.147732 -0.005686 -0.000248
1.050000 0.147821 -0.009482 -0.000413
1.070000 0.147991 -0.007424 -0.000323
1.090000 0.147621 -0.000647 -0.000028
1.110000 0.147547 -0.011451 -0.000499
1.130000 0.147901 0.000307 0.000013
1.150000 0.147701 0.000855 0.000037
1.170000 0.147394 0.001120 0.000049
1.190000 0.147518 -0.001297 -0.000057
1.210000 0.148127 -0.003208 -0.000140
1.230000 0.147559 0.002980 0.000130
1.250000 0.147712 -0.009883 -0.000431
1.270000 0.147243 0.002637 0.000115
1.290000 0.148285 -0.004056 -0.000177
1.310000 0.147607 -0.005084 -0.000222
1.330000 0.147363 -0.002418 -0.000105
1.350000 0.147291 -0.009923 -0.000432
1.370000 0.147587 -0.009669 -0.000421
1.390000 0.147443 0.001434 0.000062
1.410000 0.147201 -0.011303 -0.000493
1.430000 0.147253 -0.013317 -0.000580
1.450000 0.147122 -0.006741 -0.000294
1.470000 0.147207 -0.006404 -0.000279
1.490000 0.147306 0.007217 0.000315
1.510000 0.147262 0.002532 0.000110
1.530000 0.147285 0.008076 0.000352
1.550000 0.146865 -0.003028 -0.000132
1.570000 0.147038 -0.007236 -0.000315
1.590000 0.147179 0.005217 0.000227
1.610000 0.147304 0.009231 0.000402
1.630000 0.147278 -0.001910 -0.000083
1.650000 0.147160 0.001716 0.000075
1.670000 0.147115 -0.001417 -0.000062
1.690000 0.146906 0.004203 0.000183
1.710000 0.147631 0.001112 0.000048
1.730000 0.147044 0.002838 0.000124
1.750000 0.147643 -0.006832 -0.000298
1.770000 0.147175 -0.000004 -0.000000
1.790000 0.147729 -0.009074 -0.000395
1.810000 0.147836 -0.005368 -0.000234
1.830000 0.147748 0.002877 0.000125
1.850000 0.148016 0.001299 0.000057
1.870000 0.148111 0.006519 0.000284
1.890000 0.148058 0.005751 0.000250
1.910000 0.147618 0.001198 0.000052
1.930000 0.147602 -0.000571 -0.000025
1.950000 0.147749 0.000931 0.000041
1.970000 0.147623 0.002526 0.000110
1.990000 0.148114 0.003320 0.000145
2.010000 0.147716 0.001634 0.000071
2.030000 0.147753 0.011154 0.000486
2.050000 0.147994 0.004445 0.000194
2.070000 0.147592 0.001314 0.000057
2.090000 0.148217 -0.000534 -0.000023
2.110000 0.148157 0.003743 0.000163
2.130000 0.148035 -0.000912 -0.000040
2.150000 0.148169 0.003010 0.000131
2.170000 0.147469 0.000718 0.000031
2.190000 0.148066 -0.003818 -0.000166
2.210000 0.147493 0.002687 0.000117
2.230000 0.147519 -0.000010 -0.000000
2.250000 0.147947 0.004511 0.000196
2.270000 0.147904 0.002543 0.000111
2.290000 0.147936 -0.001736 -0.000076
2.310000 0.147657 -0.003995 -0.000174
2.330000 0.147630 -0.004655 -0.000203
2.350000 0.147799 -0.005259 -0.000229
2.370000 0.147642 0.003704 0.000161
2.390000 0.147545 0.009268 0.000404
2.410000 0.148007 0.005344 0.000233
2.430000 0.147998 0.010038 0.000437
2.450000 0.148335 0.007594 0.000331
2.470000 0.147605 0.012135 0.000529
2.490000 0.147581 0.014514 0.000632
2.510000 0.147461 0.006280 0.000274
2.530000 0.147200 0.008383 0.000365
2.550000 0.147430 0.005805 0.000253
2.570000 0.147041 -0.000565 -0.000025
2.590000 0.147292 0.001614 0.000070
2.610000 0.147004 -0.009248 -0.000403
2.630000 0.147013 -0.010928 -0.000476
2.650000 0.147227 -0.000466 -0.000020
2.670000 0.147673 -0.003509 -0.000153
2.690000 0.147138 0.006217 0.000271
2.710000 0.147344 0.004783 0.000208
2.730000 0.147639 0.011503 0.000501
2.750000 0.147267 0.006486 0.000283
2.770000 0.147505 0.000511 0.000022
2.790000 0.146956 0.001284 0.000056
2.810000 0.146883 -0.003620 -0.000158
2.830000 0.146909 0.005632 0.000246
2.850000 0.146760 0.004615 0.000201
2.870000 0.146765 0.012364 0.000539
2.890000 0.147006 0.004708 0.000205
2.910000 0.147221 0.005961 0.000260
2.930000 0.146693 -0.004366 -0.000190
2.950000 0.147356 0.001924 0.000084
2.970000 0.147046 -0.000751 -0.000033
2.990000 0.147070 0.007271 0.000317
3.010000 0.147031 0.006329 0.000276
3.030000 0.147036 0.004426 0.000193
3.050000 0.147277 0.014646 0.000638
3.070000 0.146979 0.006854 0.000299
3.090000 0.147572 0.004965 0.000216
3.110000 0.146965 0.003154 0.000137
3.130000 0.147451 -0.009024 -0.000393
3.150000 0.147307 0.002561 0.000112
3.170000 0.147465 -0.001227 -0.000053
3.190000 0.147394 0.003183 0.000139
3.210000 0.147243 -0.010643 -0.000464
3.230000 0.147224 0.000601 0.000026
3.250000 0.147291 -0.003156 -0.000138
3.270000 0.147204 -0.012876 -0.000561
3.290000 0.146731 -0.004801 -0.000209
3.310000 0.147206 -0.008351 -0.000364
3.330000 0.146987 -0.002556 -0.000111
3.350000 0.147496 -0.018643 -0.000812
3.370000 0.147114 -0.009211 -0.000401
3.390000 0.147235 -0.006657 -0.000290
3.410000 0.147889 -0.009941 -0.000433
3.430000 0.147133 -0.000684 -0.000030
3.450000 0.147885 -0.003053 -0.000133
3.470000 0.147592 -0.008825 -0.000384
3.490000 0.147165 -0.005457 -0.000238
3.510000 0.147586 -0.002615 -0.000114
3.530000 0.146979 0.000377 0.000016
3.550000 0.147554 0.002168 0.000094
3.570000 0.147070 0.005195 0.000226
3.590000 0.147081 -0.005489 -0.000239
3.610000 0.146899 -0.001265 -0.000055
3.630000 0.146582 -0.013735 -0.000599
3.650000 0.147112 -0.012989 -0.000566
3.670000 0.147137 -0.014080 -0.000614
3.690000 0.147408 -0.002407 -0.000105
3.710000 0.147631 -0.001273 -0.000055
3.730000 0.147362 0.004952 0.000216
3.750000 0.147260 -0.002589 -0.000113
3.770000 0.147055 -0.009734 -0.000424
3.790000 0.147500 0.003416 0.000149
3.810000 0.146867 -0.009459 -0.000412
3.830000 0.147074 -0.001587 -0.000069
3.850000 0.147160 -0.006679 -0.000291
3.870000 0.147167 -0.004418 -0.000193
3.890000 0.147173 -0.004469 -0.000195
3.910000 0.147043 -0.002853 -0.000124
3.930000 0.147141 0.004353 0.000190
3.950000 0.146837 0.000193 0.000008
3.970000 0.147156 0.003678 0.000160
3.990000 0.147757 0.003453 0.000150
4.010000 0.147643 -0.004098 -0.000179
4.030000 0.147493 0.002904 0.000127
4.050000 0.147595 0.001318 0.000057
4.070000 0.147470 0.002744 0.000120
4.090000 0.147306 -0.003423 -0.000149
4.110000 0.146989 0.002608 0.000114
4.130000 0.147163 0.001034 0.000045
4.150000 0.146885 -0.000497 -0.000022
4.170000 0.147501 0.007050 0.000307
4.190000 0.147232 0.001085 0.000047
4.210000 0.146778 0.005804 0.000253
4.230000 0.147357 0.011410 0.000497
4.250000 0.147100 -0.001278 -0.000056
4.270000 0.146692 0.007557 0.000330
4.290000 0.147056 -0.004075 -0.000178
4.310000 0.147032 0.000552 0.000024
4.330000 0.147105 -0.000162 -0.000007
4.350000 0.147224 0.000325 0.000014
4.370000 0.147117 0.003715 0.000162
4.390000 0.147888 0.002196 0.000096
4.410000 0.147326 0.007752 0.000338
4.430000 0.147376 0.003870 0.000169
4.450000 0.147264 0.010344 0.000451
4.470000 0.147508 0.004884 0.000213
4.490000 0.147273 -0.004155 -0.000181
4.510000 0.147093 0.001175 0.000051
4.530000 0.146816 -0.002047 -0.000089
4.550000 0.147062 0.008596 0.000375
4.570000 0.146421 -0.002145 -0.000094
4.590000 0.146532 -0.015579 -0.000679
4.610000 0.146344 -0.019509 -0.000851
4.630000 0.145965 -0.018240 -0.000796
4.650000 0.145701 -0.040446 -0.001765
4.670000 0.144948 -0.034285 -0.001497
4.690000 0.145276 -0.055393 -0.002418
4.710000 0.143935 -0.082603 -0.003610
4.730000 0.143775 -0.096512 -0.004219
4.750000 0.142544 -0.137193 -0.006004
4.770000 0.141854 -0.179209 -0.007847
4.790000 0.140037 -0.244367 -0.010717
4.810000 0.137974 -0.349935 -0.015375
4.830000 0.135680 -0.468983 -0.020648
4.850000 0.132522 -0.627375 -0.027698
4.870000 0.128805 -0.868533 -0.038471
4.890000 0.123839 -1.198947 -0.053342
4.910000 0.117360 -1.640451 -0.073407
4.930000 0.109812 -2.269610 -0.102252
4.950000 0.100013 -3.193704 -0.145167
4.970000 0.088232 -4.553155 -0.209200
4.990000 0.075294 -6.914882 -0.321535
