-24.950000 0.005736 11.383179 0.565913
-24.850000 -0.005217 10.561919 0.530865
-24.750000 -0.017323 9.823944 0.499856
-24.650000 -0.026607 9.190244 0.472073
-24.550000 -0.035712 8.601519 0.446004
-24.450000 -0.044924 8.061814 0.422051
-24.350000 -0.054132 7.559737 0.399619
-24.250000 -0.062314 7.092885 0.378212
-24.150000 -0.070097 6.673314 0.358818
-24.050000 -0.076114 6.288792 0.340345
-23.950000 -0.084191 5.906128 0.322454
-23.850000 -0.091417 5.560816 0.306016
-23.750000 -0.097208 5.238715 0.290140
-23.650000 -0.102817 4.935659 0.275064
-23.550000 -0.108203 4.663743 0.261480
-23.450000 -0.114023 4.403820 0.248529
-23.350000 -0.118364 4.170591 0.236526
-23.250000 -0.122990 3.926517 0.223858
-23.150000 -0.127104 3.721141 0.213149
-23.050000 -0.131663 3.496457 0.201331
-22.950000 -0.136349 3.293230 0.190658
-22.850000 -0.140045 3.128183 0.181881
-22.750000 -0.143061 2.971876 0.173401
-22.650000 -0.145894 2.820146 0.165093
-22.550000 -0.149477 2.675312 0.157274
-22.450000 -0.151892 2.552139 0.150461
-22.350000 -0.154614 2.421315 0.143208
-22.250000 -0.156194 2.305477 0.136612
-22.150000 -0.159171 2.194402 0.130490
-22.050000 -0.161036 2.088911 0.124493
-21.950000 -0.163474 1.989527 0.118916
-21.850000 -0.164861 1.896527 0.113546
-21.750000 -0.166866 1.805251 0.108341
-21.650000 -0.168759 1.723175 0.103651
-21.550000 -0.170018 1.656834 0.099811
-21.450000 -0.172003 1.569563 0.094781
-21.350000 -0.173356 1.495155 0.090435
-21.250000 -0.174397 1.417972 0.085875
-21.150000 -0.175890 1.343190 0.081493
-21.050000 -0.178468 1.277889 0.077775
-20.950000 -0.180424 1.227329 0.074876
-20.850000 -0.181244 1.171999 0.071572
-20.750000 -0.181696 1.126727 0.068845
-20.650000 -0.183276 1.074311 0.065770
-20.550000 -0.183835 1.024587 0.062768
-20.450000 -0.185177 0.979779 0.060122
-20.350000 -0.186010 0.940279 0.057757
-20.250000 -0.186683 0.902834 0.055503
-20.150000 -0.187357 0.855377 0.052629
-20.050000 -0.188604 0.806329 0.049688
-19.950000 -0.189572 0.763155 0.047083
-19.850000 -0.190832 0.723786 0.044724
-19.750000 -0.191239 0.683019 0.042226
-19.650000 -0.191362 0.653523 0.040409
-19.550000 -0.192181 0.617663 0.038230
-19.450000 -0.192420 0.602178 0.037283
-19.350000 -0.193197 0.559936 0.034701
-19.250000 -0.194635 0.547492 0.033990
-19.150000 -0.195664 0.513400 0.031915
-19.050000 -0.196405 0.488325 0.030384
-18.950000 -0.197323 0.461630 0.028756
-18.850000 -0.198155 0.454688 0.028353
-18.750000 -0.197933 0.425612 0.026532
-18.650000 -0.198639 0.408681 0.025499
-18.550000 -0.198852 0.399465 0.024931
-18.450000 -0.198981 0.379450 0.023685
-18.350000 -0.199836 0.365496 0.022839
-18.250000 -0.200621 0.333520 0.020861
-18.150000 -0.200878 0.324465 0.020301
-18.050000 -0.201757 0.310834 0.019470
-17.950000 -0.202184 0.302138 0.018935
-17.850000 -0.202666 0.304728 0.019109
-17.750000 -0.202281 0.279892 0.017543
-17.650000 -0.202781 0.253551 0.015902
-17.550000 -0.203418 0.245689 0.015421
-17.450000 -0.203729 0.240908 0.015127
-17.350000 -0.203865 0.234101 0.014702
-17.250000 -0.204486 0.229247 0.014409
-17.150000 -0.204691 0.212656 0.013369
-17.050000 -0.204736 0.203513 0.012795
-16.950000 -0.205751 0.191160 0.012034
-16.850000 -0.206332 0.183157 0.011539
-16.750000 -0.205584 0.183858 0.011572
-16.650000 -0.206052 0.179428 0.011300
-16.550000 -0.206677 0.161828 0.010199
-16.450000 -0.206335 0.150129 0.009458
-16.350000 -0.206863 0.132071 0.008326
-16.250000 -0.206569 0.151314 0.009535
-16.150000 -0.207381 0.142616 0.008996
-16.050000 -0.207457 0.130794 0.008252
-15.950000 -0.207709 0.138673 0.008751
-15.850000 -0.207160 0.137730 0.008686
-15.750000 -0.207333 0.134869 0.008507
-15.650000 -0.207828 0.140014 0.008837
-15.550000 -0.207648 0.148727 0.009385
-15.450000 -0.208207 0.120338 0.007599
-15.350000 -0.208154 0.119788 0.007564
-15.250000 -0.208254 0.114883 0.007255
-15.150000 -0.208112 0.101671 0.006420
-15.050000 -0.208152 0.102249 0.006456
-14.950000 -0.208465 0.097473 0.006157
-14.850000 -0.208312 0.102928 0.006501
-14.750000 -0.208648 0.100400 0.006344
-14.650000 -0.208569 0.089173 0.005634
-14.550000 -0.209195 0.079246 0.005010
-14.450000 -0.208606 0.076896 0.004858
-14.350000 -0.208689 0.094088 0.005945
-14.250000 -0.208785 0.090366 0.005711
-14.150000 -0.207725 0.096763 0.006107
-14.050000 -0.207588 0.080202 0.005061
-13.950000 -0.207768 0.084923 0.005360
-13.850000 -0.208138 0.082395 0.005203
-13.750000 -0.209235 0.065231 0.004125
-13.650000 -0.209920 0.061954 0.003921
-13.550000 -0.209735 0.049739 0.003147
-13.450000 -0.209928 0.055178 0.003492
-13.350000 -0.209456 0.067413 0.004264
-13.250000 -0.208609 0.070926 0.004481
-13.150000 -0.208893 0.069688 0.004404
-13.050000 -0.208644 0.068952 0.004357
-12.950000 -0.208345 0.075521 0.004770
-12.850000 -0.208106 0.076939 0.004858
-12.750000 -0.208325 0.064901 0.004099
-12.650000 -0.208685 0.059393 0.003753
-12.550000 -0.208353 0.051983 0.003283
-12.450000 -0.208069 0.053275 0.003364
-12.350000 -0.207654 0.045098 0.002846
-12.250000 -0.208317 0.049551 0.003129
-12.150000 -0.208680 0.048624 0.003072
-12.050000 -0.207917 0.047899 0.003024
-11.950000 -0.208356 0.056502 0.003569
-11.850000 -0.208096 0.063451 0.004006
-11.750000 -0.207700 0.066197 0.004178
-11.650000 -0.207969 0.062822 0.003966
-11.550000 -0.208243 0.074877 0.004729
-11.450000 -0.208721 0.075072 0.004744
-11.350000 -0.209180 0.075074 0.004747
-11.250000 -0.207977 0.076513 0.004830
-11.150000 -0.208209 0.090138 0.005692
-11.050000 -0.208624 0.086936 0.005493
-10.950000 -0.209160 0.078615 0.004970
-10.850000 -0.208354 0.084396 0.005330
-10.750000 -0.208192 0.085255 0.005384
-10.650000 -0.208084 0.083149 0.005250
-10.550000 -0.208390 0.085806 0.005420
-10.450000 -0.208346 0.086078 0.005437
-10.350000 -0.207439 0.079789 0.005034
-10.250000 -0.207109 0.087625 0.005526
-10.150000 -0.207325 0.091749 0.005787
-10.050000 -0.206785 0.091120 0.005744
-9.950000 -0.206237 0.101631 0.006402
-9.850000 -0.205775 0.104384 0.006571
-9.750000 -0.206254 0.111719 0.007037
-9.650000 -0.205726 0.120761 0.007602
-9.550000 -0.205605 0.118201 0.007440
-9.450000 -0.205049 0.108279 0.006810
-9.350000 -0.205237 0.113567 0.007145
-9.250000 -0.205038 0.133810 0.008416
-9.150000 -0.205247 0.140888 0.008864
-9.050000 -0.205653 0.143436 0.009029
-8.950000 -0.206089 0.131819 0.008302
-8.850000 -0.206294 0.131742 0.008299
-8.750000 -0.205544 0.142250 0.008953
-8.650000 -0.206199 0.157551 0.009924
-8.550000 -0.206388 0.168362 0.010607
-8.450000 -0.205291 0.187928 0.011824
-8.350000 -0.205603 0.186060 0.011711
-8.250000 -0.205624 0.205683 0.012946
-8.150000 -0.205234 0.219514 0.013810
-8.050000 -0.205088 0.224804 0.014140
-7.950000 -0.204922 0.225973 0.014211
-7.850000 -0.204857 0.223736 0.014069
-7.750000 -0.204996 0.226373 0.014237
-7.650000 -0.203778 0.217437 0.013654
-7.550000 -0.203915 0.233433 0.014661
-7.450000 -0.203631 0.246678 0.015488
-7.350000 -0.204047 0.253195 0.015905
-7.250000 -0.203933 0.267758 0.016818
-7.150000 -0.204055 0.284283 0.017858
-7.050000 -0.202961 0.296001 0.018569
-6.950000 -0.203626 0.305870 0.019204
-6.850000 -0.203890 0.320575 0.020134
-6.750000 -0.202951 0.339514 0.021298
-6.650000 -0.202916 0.350050 0.021958
-6.550000 -0.202022 0.371882 0.023302
-6.450000 -0.200571 0.390230 0.024407
-6.350000 -0.200034 0.403770 0.025237
-6.250000 -0.199993 0.431169 0.026948
-6.150000 -0.200014 0.446491 0.027906
-6.050000 -0.199401 0.467071 0.029170
-5.950000 -0.199011 0.488484 0.030493
-5.850000 -0.198569 0.506387 0.031593
-5.750000 -0.198416 0.555052 0.034622
-5.650000 -0.197405 0.598969 0.037315
-5.550000 -0.196210 0.617873 0.038435
-5.450000 -0.196879 0.636417 0.039621
-5.350000 -0.195929 0.665982 0.041413
-5.250000 -0.195347 0.695307 0.043205
-5.150000 -0.194618 0.725535 0.045043
-5.050000 -0.193439 0.771220 0.047809
-4.950000 -0.192502 0.805915 0.049902
-4.850000 -0.190788 0.840599 0.051939
-4.750000 -0.189367 0.876900 0.054087
-4.650000 -0.187956 0.909697 0.056013
-4.550000 -0.188037 0.948244 0.058392
-4.450000 -0.186816 1.001814 0.061598
-4.350000 -0.186443 1.050850 0.064584
-4.250000 -0.185003 1.094545 0.067150
-4.150000 -0.183555 1.154542 0.070705
-4.050000 -0.181943 1.202122 0.073474
-3.950000 -0.180305 1.282438 0.078226
-3.850000 -0.178029 1.347612 0.081974
-3.750000 -0.177137 1.397794 0.084935
-3.650000 -0.175569 1.467092 0.088976
-3.550000 -0.173759 1.536794 0.092999
-3.450000 -0.171874 1.609810 0.097196
-3.350000 -0.170581 1.714993 0.103385
-3.250000 -0.168503 1.800429 0.108264
-3.150000 -0.166308 1.893480 0.113560
-3.050000 -0.163908 1.981212 0.118480
-2.950000 -0.161583 2.089716 0.124623
-2.850000 -0.158994 2.203983 0.131033
-2.750000 -0.156585 2.334408 0.138390
-2.650000 -0.154003 2.459186 0.145342
-2.550000 -0.152073 2.584293 0.152389
-2.450000 -0.148940 2.731782 0.160493
-2.350000 -0.145289 2.868435 0.167801
-2.250000 -0.142434 3.020787 0.176126
-2.150000 -0.138783 3.188259 0.185102
-2.050000 -0.135660 3.364694 0.194640
-1.950000 -0.131882 3.542986 0.204061
-1.850000 -0.127396 3.740847 0.214350
-1.750000 -0.122997 3.964795 0.226042
-1.650000 -0.118080 4.194886 0.237827
-1.550000 -0.113279 4.436090 0.250140
-1.450000 -0.108223 4.702692 0.263670
-1.350000 -0.101890 4.973344 0.276878
-1.250000 -0.095361 5.294037 0.292605
-1.150000 -0.089445 5.621157 0.308666
-1.050000 -0.083395 5.943236 0.324198
-0.950000 -0.076875 6.296623 0.341049
-0.850000 -0.069569 6.702975 0.360208
-0.750000 -0.060822 7.142364 0.380245
-0.650000 -0.052855 7.600868 0.401252
-0.550000 -0.043995 8.103637 0.423828
-0.450000 -0.034623 8.660189 0.448539
-0.350000 -0.024990 9.256784 0.474702
-0.250000 -0.015202 9.906553 0.502974
-0.150000 -0.003529 10.622936 0.533028
-0.050000 0.007356 11.421056 0.566883
0.050000 0.016387 -8.135634 -0.400223
0.150000 0.023131 -7.719357 -0.377242
0.250000 0.030154 -7.362887 -0.357368
0.350000 0.036234 -7.037284 -0.339561
0.450000 0.043791 -6.729212 -0.322345
0.550000 0.049018 -6.432149 -0.306580
0.650000 0.054442 -6.179746 -0.293034
0.750000 0.060522 -5.907426 -0.278515
0.850000 0.066825 -5.665334 -0.265523
0.950000 0.072571 -5.407760 -0.252093
1.050000 0.077485 -5.193101 -0.240983
1.150000 0.082895 -4.992053 -0.230496
1.250000 0.088211 -4.796340 -0.220377
1.350000 0.092652 -4.598355 -0.210422
1.450000 0.097464 -4.399389 -0.200434
1.550000 0.102919 -4.237692 -0.192113
1.650000 0.106988 -4.082648 -0.184403
1.750000 0.110716 -3.910475 -0.176034
1.850000 0.115177 -3.773628 -0.169194
1.950000 0.118617 -3.614145 -0.161545
2.050000 0.122078 -3.469481 -0.154601
2.150000 0.125971 -3.343490 -0.148471
2.250000 0.129672 -3.202636 -0.141751
2.350000 0.133059 -3.080327 -0.135930
2.450000 0.135750 -2.967211 -0.130628
2.550000 0.138906 -2.868116 -0.125915
2.650000 0.141981 -2.769461 -0.121257
2.750000 0.144985 -2.661029 -0.116204
2.850000 0.147992 -2.560365 -0.111515
2.950000 0.149356 -2.447010 -0.106451
3.050000 0.152405 -2.354400 -0.102152
3.150000 0.155700 -2.264029 -0.097951
3.250000 0.157436 -2.198214 -0.094961
3.350000 0.159022 -2.114303 -0.091211
3.450000 0.161751 -2.024492 -0.087131
3.550000 0.163058 -1.938771 -0.083348
3.650000 0.165096 -1.876481 -0.080529
3.750000 0.167434 -1.804787 -0.077297
3.850000 0.169009 -1.711187 -0.073190
3.950000 0.169844 -1.655641 -0.070763
4.050000 0.171537 -1.611225 -0.068765
4.150000 0.173618 -1.550962 -0.066076
4.250000 0.175437 -1.486813 -0.063245
4.350000 0.176638 -1.443762 -0.061351
4.450000 0.178465 -1.382131 -0.058641
4.550000 0.180369 -1.335695 -0.056580
4.650000 0.181420 -1.272790 -0.053867
4.750000 0.183152 -1.239820 -0.052395
4.850000 0.184403 -1.185019 -0.050026
4.950000 0.185193 -1.152373 -0.048615
5.050000 0.186534 -1.088034 -0.045849
5.150000 0.187255 -1.060729 -0.044672
5.250000 0.188515 -1.004706 -0.042267
5.350000 0.188701 -0.973589 -0.040952
5.450000 0.189977 -0.936434 -0.039347
5.550000 0.191251 -0.902788 -0.037892
5.650000 0.192985 -0.864644 -0.036239
5.750000 0.193913 -0.855022 -0.035808
5.850000 0.194569 -0.811311 -0.033958
5.950000 0.195984 -0.785625 -0.032844
6.050000 0.197600 -0.737200 -0.030778
6.150000 0.198981 -0.718307 -0.029955
6.250000 0.199824 -0.698913 -0.029126
6.350000 0.201081 -0.637478 -0.026538
6.450000 0.201539 -0.605940 -0.025215
6.550000 0.202272 -0.586397 -0.024387
6.650000 0.202740 -0.551560 -0.022929
6.750000 0.204293 -0.522645 -0.021699
6.850000 0.203365 -0.516716 -0.021470
6.950000 0.204734 -0.502966 -0.020875
7.050000 0.205119 -0.480250 -0.019925
7.150000 0.205625 -0.477860 -0.019818
7.250000 0.206863 -0.467361 -0.019363
7.350000 0.206898 -0.435377 -0.018037
7.450000 0.206526 -0.415014 -0.017199
7.550000 0.206614 -0.412660 -0.017100
7.650000 0.208350 -0.403160 -0.016682
7.750000 0.208310 -0.406927 -0.016839
7.850000 0.209159 -0.387610 -0.016028
7.950000 0.209332 -0.369148 -0.015262
8.050000 0.210344 -0.350884 -0.014495
8.150000 0.210206 -0.333825 -0.013792
8.250000 0.210643 -0.318466 -0.013153
8.350000 0.210316 -0.320346 -0.013234
8.450000 0.210663 -0.305273 -0.012608
8.550000 0.210645 -0.282312 -0.011660
8.650000 0.211278 -0.293489 -0.012115
8.750000 0.211553 -0.291234 -0.012019
8.850000 0.212697 -0.271117 -0.011178
8.950000 0.212890 -0.271490 -0.011192
9.050000 0.213040 -0.262210 -0.010808
9.150000 0.212498 -0.249029 -0.010269
9.250000 0.213076 -0.234739 -0.009675
9.350000 0.213114 -0.238380 -0.009825
9.450000 0.213474 -0.220909 -0.009102
9.550000 0.213609 -0.221573 -0.009129
9.650000 0.214821 -0.216323 -0.008903
9.750000 0.215351 -0.196924 -0.008102
9.850000 0.214326 -0.190167 -0.007830
9.950000 0.214807 -0.163891 -0.006746
10.050000 0.215406 -0.162616 -0.006690
10.150000 0.216053 -0.165596 -0.006809
10.250000 0.214955 -0.180707 -0.007437
10.350000 0.215114 -0.182190 -0.007497
10.450000 0.215336 -0.180934 -0.007444
10.550000 0.214753 -0.188788 -0.007771
10.650000 0.215347 -0.184086 -0.007573
10.750000 0.215741 -0.185522 -0.007630
10.850000 0.215351 -0.177615 -0.007307
10.950000 0.215840 -0.171299 -0.007044
11.050000 0.216230 -0.171906 -0.007067
11.150000 0.216620 -0.153100 -0.006292
11.250000 0.218312 -0.149405 -0.006132
11.350000 0.218191 -0.143994 -0.005910
11.450000 0.218215 -0.108934 -0.004471
11.550000 0.218389 -0.108685 -0.004460
11.650000 0.218291 -0.103198 -0.004235
11.750000 0.219114 -0.100588 -0.004125
11.850000 0.219077 -0.102805 -0.004217
11.950000 0.217738 -0.100165 -0.004113
12.050000 0.218114 -0.102347 -0.004201
12.150000 0.218202 -0.096963 -0.003980
12.250000 0.217911 -0.101178 -0.004154
12.350000 0.217833 -0.110210 -0.004525
12.450000 0.218477 -0.107480 -0.004410
12.550000 0.217138 -0.121789 -0.005003
12.650000 0.216963 -0.120947 -0.004969
12.750000 0.217062 -0.124898 -0.005131
12.850000 0.217618 -0.132225 -0.005430
12.950000 0.217102 -0.134801 -0.005538
13.050000 0.216382 -0.135525 -0.005571
13.150000 0.217143 -0.125640 -0.005161
13.250000 0.216202 -0.131549 -0.005408
13.350000 0.216294 -0.137597 -0.005656
13.450000 0.216902 -0.161405 -0.006632
13.550000 0.216024 -0.144411 -0.005938
13.650000 0.216240 -0.148788 -0.006117
13.750000 0.216411 -0.140981 -0.005795
13.850000 0.215907 -0.151792 -0.006242
13.950000 0.215667 -0.149652 -0.006155
14.050000 0.215649 -0.150572 -0.006193
14.150000 0.215878 -0.140012 -0.005758
14.250000 0.214846 -0.147209 -0.006059
14.350000 0.215189 -0.150248 -0.006182
14.450000 0.213849 -0.163422 -0.006732
14.550000 0.214142 -0.180318 -0.007426
14.650000 0.214599 -0.171225 -0.007049
14.750000 0.214039 -0.174604 -0.007191
14.850000 0.214079 -0.181513 -0.007475
14.950000 0.213998 -0.172949 -0.007123
15.050000 0.213732 -0.187340 -0.007718
15.150000 0.214528 -0.191694 -0.007892
15.250000 0.214503 -0.196069 -0.008072
15.350000 0.214196 -0.172313 -0.007096
15.450000 0.213381 -0.189367 -0.007803
15.550000 0.212823 -0.187315 -0.007722
15.650000 0.212520 -0.213263 -0.008794
15.750000 0.211963 -0.216139 -0.008917
15.850000 0.212035 -0.239272 -0.009871
15.950000 0.212038 -0.239406 -0.009876
16.050000 0.211540 -0.256204 -0.010573
16.150000 0.211237 -0.254373 -0.010501
16.250000 0.210591 -0.264689 -0.010932
16.350000 0.210108 -0.275759 -0.011394
16.450000 0.209077 -0.274791 -0.011364
16.550000 0.210453 -0.293992 -0.012144
16.650000 0.210337 -0.298710 -0.012340
16.750000 0.209973 -0.306788 -0.012677
16.850000 0.209885 -0.333983 -0.013802
16.950000 0.209143 -0.350110 -0.014478
17.050000 0.209133 -0.351493 -0.014535
17.150000 0.208619 -0.357400 -0.014785
17.250000 0.208284 -0.381129 -0.015772
17.350000 0.208664 -0.403583 -0.016695
17.450000 0.208016 -0.408157 -0.016894
17.550000 0.206493 -0.441008 -0.018276
17.650000 0.206179 -0.458762 -0.019017
17.750000 0.206153 -0.465536 -0.019298
17.850000 0.205296 -0.484382 -0.020094
17.950000 0.205128 -0.508869 -0.021113
18.050000 0.204908 -0.514851 -0.021365
18.150000 0.204633 -0.548210 -0.022754
18.250000 0.201966 -0.545584 -0.022695
18.350000 0.201883 -0.568125 -0.023635
18.450000 0.201445 -0.589344 -0.024526
18.550000 0.200869 -0.614796 -0.025598
18.650000 0.200097 -0.642358 -0.026763
18.750000 0.198883 -0.674170 -0.028117
18.850000 0.197664 -0.696691 -0.029085
18.950000 0.196856 -0.720735 -0.030110
19.050000 0.195960 -0.765332 -0.031997
19.150000 0.194694 -0.801043 -0.033525
19.250000 0.193927 -0.828132 -0.034681
19.350000 0.193445 -0.864084 -0.036201
19.450000 0.191324 -0.891374 -0.037411
19.550000 0.190458 -0.925326 -0.038864
19.650000 0.190034 -0.950986 -0.039956
19.750000 0.189494 -0.988077 -0.041533
19.850000 0.187667 -1.041559 -0.043849
19.950000 0.187164 -1.074297 -0.045246
20.050000 0.186372 -1.115016 -0.046993
20.150000 0.184923 -1.162034 -0.049034
20.250000 0.184052 -1.216057 -0.051352
20.350000 0.182868 -1.252035 -0.052924
20.450000 0.181590 -1.309487 -0.055412
20.550000 0.178769 -1.368678 -0.058055
20.650000 0.177561 -1.438582 -0.061083
20.750000 0.176501 -1.482097 -0.062988
20.850000 0.174216 -1.534549 -0.065344
20.950000 0.172263 -1.614093 -0.068845
21.050000 0.171984 -1.661252 -0.070873
21.150000 0.170189 -1.709589 -0.073048
21.250000 0.167890 -1.782141 -0.076297
21.350000 0.165078 -1.853097 -0.079527
21.450000 0.163905 -1.923529 -0.082633
21.550000 0.161351 -2.014664 -0.086738
21.650000 0.159137 -2.080126 -0.089727
21.750000 0.156958 -2.169157 -0.093744
21.850000 0.154447 -2.244594 -0.097215
21.950000 0.152633 -2.327621 -0.100970
22.050000 0.149747 -2.426183 -0.105509
22.150000 0.146706 -2.529901 -0.110312
22.250000 0.144232 -2.642213 -0.115458
22.350000 0.141566 -2.761000 -0.120930
22.450000 0.138108 -2.884410 -0.126720
22.550000 0.135415 -2.993483 -0.131823
22.650000 0.132967 -3.119290 -0.137660
22.750000 0.129043 -3.247588 -0.143820
22.850000 0.125550 -3.379719 -0.150136
22.950000 0.122450 -3.520231 -0.156810
23.050000 0.118734 -3.648391 -0.163059
23.150000 0.114299 -3.804048 -0.170692
23.250000 0.110219 -3.955335 -0.178133
23.350000 0.106226 -4.116704 -0.186070
23.450000 0.101652 -4.282478 -0.194366
23.550000 0.097388 -4.460699 -0.203242
23.650000 0.092764 -4.648712 -0.212704
23.750000 0.087809 -4.852638 -0.223047
23.850000 0.082833 -5.049897 -0.233180
23.950000 0.077410 -5.260341 -0.244120
24.050000 0.072024 -5.479091 -0.255549
24.150000 0.066829 -5.707253 -0.267487
24.250000 0.061521 -5.950540 -0.280284
24.350000 0.054610 -6.211516 -0.294493
24.450000 0.047915 -6.481933 -0.309278
24.550000 0.042212 -6.762929 -0.324451
24.650000 0.034866 -7.071153 -0.341646
24.750000 0.028675 -7.385426 -0.358978
24.850000 0.022646 -7.757491 -0.379285
24.950000 0.015599 -8.177372 -0.402589
