-9.980000 0.000098 0.926401 0.046315
-9.940000 -0.000637 0.841198 0.042087
-9.900000 -0.000758 0.748592 0.037458
-9.860000 -0.000301 0.679103 0.033965
-9.820000 -0.000855 0.630515 0.031553
-9.780000 -0.000752 0.573326 0.028688
-9.740000 -0.001151 0.531866 0.026624
-9.700000 -0.000900 0.485890 0.024316
-9.660000 -0.001769 0.442378 0.022158
-9.620000 -0.002062 0.409627 0.020524
-9.580000 -0.001930 0.382585 0.019166
-9.540000 -0.001945 0.362695 0.018170
-9.500000 -0.002127 0.332952 0.016683
-9.460000 -0.002378 0.298528 0.014962
-9.420000 -0.002335 0.268239 0.013443
-9.380000 -0.002861 0.253970 0.012735
-9.340000 -0.002626 0.234170 0.011739
-9.300000 -0.003131 0.215835 0.010826
-9.260000 -0.002576 0.198156 0.009933
-9.220000 -0.003185 0.179989 0.009028
-9.180000 -0.003213 0.168963 0.008475
-9.140000 -0.003307 0.165779 0.008316
-9.100000 -0.003734 0.149293 0.007493
-9.060000 -0.003165 0.143195 0.007183
-9.020000 -0.003014 0.137261 0.006884
-8.980000 -0.003186 0.119142 0.005976
-8.940000 -0.003351 0.108168 0.005427
-8.900000 -0.003402 0.105506 0.005293
-8.860000 -0.003494 0.101634 0.005100
-8.820000 -0.003294 0.097867 0.004910
-8.780000 -0.003121 0.086674 0.004347
-8.740000 -0.003589 0.081166 0.004073
-8.700000 -0.003723 0.089572 0.004495
-8.660000 -0.003705 0.077681 0.003899
-8.620000 -0.004140 0.076211 0.003826
-8.580000 -0.004203 0.065675 0.003298
-8.540000 -0.003806 0.056662 0.002844
-8.500000 -0.003892 0.053783 0.002700
-8.460000 -0.004066 0.045787 0.002299
-8.420000 -0.004138 0.048668 0.002444
-8.380000 -0.003887 0.053880 0.002704
-8.340000 -0.004027 0.046350 0.002327
-8.300000 -0.004222 0.047227 0.002371
-8.260000 -0.003877 0.029019 0.001457
-8.220000 -0.004068 0.032664 0.001640
-8.180000 -0.004160 0.036922 0.001854
-8.140000 -0.004424 0.035824 0.001799
-8.100000 -0.004706 0.038077 0.001913
-8.060000 -0.004551 0.034687 0.001742
-8.020000 -0.004392 0.028002 0.001406
-7.980000 -0.004303 0.028845 0.001448
-7.940000 -0.004167 0.022179 0.001114
-7.900000 -0.004312 0.025255 0.001268
-7.860000 -0.004132 0.019323 0.000970
-7.820000 -0.003957 0.021766 0.001093
-7.780000 -0.004058 0.013776 0.000692
-7.740000 -0.004154 0.016773 0.000842
-7.700000 -0.003945 0.027339 0.001372
-7.660000 -0.003807 0.033421 0.001677
-7.620000 -0.003635 0.026245 0.001317
-7.580000 -0.003847 0.018393 0.000923
-7.540000 -0.004291 0.010730 0.000539
-7.500000 -0.004123 0.011966 0.000601
-7.460000 -0.004446 0.008483 0.000426
-7.420000 -0.004299 0.008523 0.000428
-7.380000 -0.003817 -0.000179 -0.000009
-7.340000 -0.004181 0.002683 0.000135
-7.300000 -0.004269 0.003124 0.000157
-7.260000 -0.004166 0.002373 0.000119
-7.220000 -0.003361 0.001375 0.000069
-7.180000 -0.003870 0.016880 0.000847
-7.140000 -0.004060 0.011604 0.000583
-7.100000 -0.003369 0.010188 0.000511
-7.060000 -0.003691 0.006344 0.000318
-7.020000 -0.003702 0.007436 0.000373
-6.980000 -0.004234 0.003150 0.000158
-6.940000 -0.004166 0.006343 0.000318
-6.900000 -0.004206 0.005442 0.000273
-6.860000 -0.004741 0.010880 0.000547
-6.820000 -0.004413 -0.009253 -0.000465
-6.780000 -0.003967 -0.004196 -0.000211
-6.740000 -0.004212 -0.003442 -0.000173
-6.700000 -0.003949 -0.002182 -0.000110
-6.660000 -0.003939 -0.006942 -0.000348
-6.620000 -0.004231 -0.012638 -0.000635
-6.580000 -0.004013 -0.000666 -0.000033
-6.540000 -0.003446 -0.007389 -0.000371
-6.500000 -0.003314 -0.001714 -0.000086
-6.460000 -0.003535 0.001344 0.000067
-6.420000 -0.003532 0.003814 0.000191
-6.380000 -0.003388 0.001217 0.000061
-6.340000 -0.004137 -0.002496 -0.000125
-6.300000 -0.004492 -0.010619 -0.000533
-6.260000 -0.003782 -0.002213 -0.000111
-6.220000 -0.003530 0.012358 0.000620
-6.180000 -0.003992 0.008043 0.000404
-6.140000 -0.003632 0.006724 0.000337
-6.100000 -0.004023 0.004981 0.000250
-6.060000 -0.003956 -0.001260 -0.000063
-6.020000 -0.004153 0.006503 0.000326
-5.980000 -0.004720 -0.003628 -0.000182
-5.940000 -0.004889 0.002629 0.000132
-5.900000 -0.004314 -0.004609 -0.000231
-5.860000 -0.004406 -0.005556 -0.000279
-5.820000 -0.004314 -0.003278 -0.000165
-5.780000 -0.004365 -0.006324 -0.000318
-5.740000 -0.004364 -0.000321 -0.000016
-5.700000 -0.004489 0.001911 0.000096
-5.660000 -0.004235 0.002871 0.000144
-5.620000 -0.004326 -0.001498 -0.000075
-5.580000 -0.004606 -0.006488 -0.000326
-5.540000 -0.004554 -0.011227 -0.000564
-5.500000 -0.004153 -0.001559 -0.000078
-5.460000 -0.004082 -0.009135 -0.000459
-5.420000 -0.004466 -0.019256 -0.000967
-5.380000 -0.004713 -0.010278 -0.000516
-5.340000 -0.004608 -0.010916 -0.000548
-5.300000 -0.004740 -0.007552 -0.000379
-5.260000 -0.004857 -0.008869 -0.000446
-5.220000 -0.005112 -0.010415 -0.000523
-5.180000 -0.005244 -0.013229 -0.000665
-5.140000 -0.005037 -0.015402 -0.000774
-5.100000 -0.004877 -0.008062 -0.000405
-5.060000 -0.004439 -0.004840 -0.000243
-5.020000 -0.004601 -0.010725 -0.000539
-4.980000 -0.005189 -0.005140 -0.000258
-4.940000 -0.005224 -0.009352 -0.000470
-4.900000 -0.005408 -0.006000 -0.000302
-4.860000 -0.004828 -0.003526 -0.000177
-4.820000 -0.004868 -0.003798 -0.000191
-4.780000 -0.005158 -0.004945 -0.000249
-4.740000 -0.005116 -0.002646 -0.000133
-4.700000 -0.005255 -0.001911 -0.000096
-4.660000 -0.005188 0.001612 0.000081
-4.620000 -0.005044 0.004222 0.000212
-4.580000 -0.005339 0.001221 0.000061
-4.540000 -0.005182 -0.015590 -0.000784
-4.500000 -0.005450 -0.008582 -0.000431
-4.460000 -0.005975 -0.006610 -0.000332
-4.420000 -0.006095 -0.004502 -0.000227
-4.380000 -0.005415 -0.003614 -0.000182
-4.340000 -0.005696 -0.006047 -0.000304
-4.300000 -0.006179 -0.011318 -0.000569
-4.260000 -0.006306 -0.012859 -0.000647
-4.220000 -0.006548 -0.013907 -0.000700
-4.180000 -0.006583 -0.003910 -0.000197
-4.140000 -0.006366 -0.010928 -0.000550
-4.100000 -0.006171 -0.000024 -0.000001
-4.060000 -0.005924 -0.008503 -0.000428
-4.020000 -0.005886 0.000930 0.000047
-3.980000 -0.006011 0.000599 0.000030
-3.940000 -0.006276 0.002605 0.000131
-3.900000 -0.006450 -0.001995 -0.000100
-3.860000 -0.005984 0.002303 0.000116
-3.820000 -0.006230 0.009749 0.000491
-3.780000 -0.005853 0.013029 0.000655
-3.740000 -0.006027 0.014251 0.000717
-3.700000 -0.005967 0.010619 0.000534
-3.660000 -0.006235 0.015794 0.000795
-3.620000 -0.005858 0.011687 0.000588
-3.580000 -0.006007 0.009721 0.000489
-3.540000 -0.006214 -0.002300 -0.000116
-3.500000 -0.005916 -0.002112 -0.000106
-3.460000 -0.005568 0.000101 0.000005
-3.420000 -0.005785 0.001635 0.000082
-3.380000 -0.006115 0.011321 0.000570
-3.340000 -0.006120 0.003088 0.000155
-3.300000 -0.006213 0.015066 0.000758
-3.260000 -0.006435 0.006918 0.000348
-3.220000 -0.006210 0.000932 0.000047
-3.180000 -0.006341 -0.003258 -0.000164
-3.140000 -0.005930 -0.000888 -0.000045
-3.100000 -0.005649 0.002708 0.000136
-3.060000 -0.005891 0.002538 0.000128
-3.020000 -0.005755 0.006663 0.000335
-2.980000 -0.005511 0.002821 0.000142
-2.940000 -0.005560 0.002143 0.000108
-2.900000 -0.005916 0.008254 0.000415
-2.860000 -0.005652 0.007806 0.000392
-2.820000 -0.006176 0.007831 0.000394
-2.780000 -0.006355 0.007400 0.000372
-2.740000 -0.006321 0.002494 0.000125
-2.700000 -0.006427 -0.004152 -0.000209
-2.660000 -0.006619 0.004018 0.000202
-2.620000 -0.007086 0.016137 0.000813
-2.580000 -0.006403 0.012777 0.000643
-2.540000 -0.005938 0.008450 0.000425
-2.500000 -0.006469 0.018636 0.000938
-2.460000 -0.006662 0.021399 0.001077
-2.420000 -0.006792 0.020787 0.001046
-2.380000 -0.007524 0.012520 0.000631
-2.340000 -0.006976 0.010470 0.000527
-2.300000 -0.006524 0.014627 0.000736
-2.260000 -0.006703 0.007078 0.000356
-2.220000 -0.006634 0.003712 0.000187
-2.180000 -0.006348 0.012734 0.000641
-2.140000 -0.006978 0.016132 0.000812
-2.100000 -0.006303 0.015339 0.000772
-2.060000 -0.005709 0.025969 0.001306
-2.020000 -0.005954 0.031551 0.001587
-1.980000 -0.006567 0.030769 0.001549
-1.940000 -0.006169 0.033038 0.001662
-1.900000 -0.005550 0.035268 0.001773
-1.860000 -0.005263 0.040989 0.002060
-1.820000 -0.006287 0.040965 0.002061
-1.780000 -0.006030 0.040655 0.002045
-1.740000 -0.005886 0.038928 0.001958
-1.700000 -0.005941 0.040055 0.002015
-1.660000 -0.005973 0.031952 0.001607
-1.620000 -0.005942 0.040528 0.002039
-1.580000 -0.005874 0.046304 0.002329
-1.540000 -0.005839 0.042811 0.002153
-1.500000 -0.006015 0.051834 0.002607
-1.460000 -0.006081 0.048561 0.002443
-1.420000 -0.005952 0.057168 0.002876
-1.380000 -0.005894 0.059788 0.003007
-1.340000 -0.005560 0.064195 0.003228
-1.300000 -0.005321 0.075455 0.003793
-1.260000 -0.004785 0.085418 0.004291
-1.220000 -0.004434 0.081070 0.004072
-1.180000 -0.005012 0.090761 0.004561
-1.140000 -0.004824 0.104187 0.005235
-1.100000 -0.003958 0.113551 0.005700
-1.060000 -0.004202 0.121224 0.006087
-1.020000 -0.003907 0.130367 0.006544
-0.980000 -0.004198 0.132512 0.006654
-0.940000 -0.003841 0.144194 0.007237
-0.900000 -0.004060 0.140327 0.007045
-0.860000 -0.004144 0.150919 0.007577
-0.820000 -0.003650 0.178801 0.008973
-0.780000 -0.003806 0.188328 0.009452
-0.740000 -0.003621 0.208923 0.010484
-0.700000 -0.004525 0.227103 0.011407
-0.660000 -0.003935 0.239655 0.012030
-0.620000 -0.004154 0.258796 0.012994
-0.580000 -0.004088 0.276552 0.013884
-0.540000 -0.003415 0.290724 0.014586
-0.500000 -0.003226 0.327820 0.016444
-0.460000 -0.003116 0.359526 0.018032
-0.420000 -0.003336 0.391713 0.019651
-0.380000 -0.003716 0.420454 0.021101
-0.340000 -0.003787 0.451439 0.022658
-0.300000 -0.003127 0.483107 0.024231
-0.260000 -0.002863 0.530295 0.026591
-0.220000 -0.002630 0.578935 0.029023
-0.180000 -0.002145 0.641664 0.032152
-0.140000 -0.002344 0.694257 0.034794
-0.100000 -0.002015 0.760188 0.038086
-0.060000 -0.002000 0.836993 0.041934
-0.020000 -0.001542 0.933204 0.046732
0.020000 -0.001449 -0.930795 -0.046607
0.060000 -0.001330 -0.841433 -0.042128
0.100000 -0.000605 -0.767052 -0.038376
0.140000 -0.000227 -0.686285 -0.034322
0.180000 -0.000132 -0.626495 -0.031329
0.220000 0.000331 -0.570028 -0.028492
0.260000 0.000205 -0.533627 -0.026676
0.300000 0.000631 -0.484337 -0.024202
0.340000 0.000954 -0.446938 -0.022326
0.380000 0.001023 -0.418816 -0.020919
0.420000 0.001216 -0.384897 -0.019221
0.460000 0.000754 -0.367996 -0.018386
0.500000 0.000704 -0.331189 -0.016548
0.540000 0.001514 -0.308299 -0.015392
0.580000 0.001747 -0.287692 -0.014360
0.620000 0.001491 -0.273904 -0.013675
0.660000 0.001832 -0.257553 -0.012854
0.700000 0.001980 -0.234717 -0.011713
0.740000 0.002194 -0.219080 -0.010930
0.780000 0.002029 -0.191197 -0.009540
0.820000 0.002000 -0.180918 -0.009028
0.860000 0.001791 -0.169252 -0.008447
0.900000 0.002794 -0.162595 -0.008107
0.940000 0.002779 -0.140887 -0.007025
0.980000 0.002759 -0.136759 -0.006819
1.020000 0.003577 -0.127941 -0.006374
1.060000 0.003386 -0.109603 -0.005462
1.100000 0.003522 -0.095883 -0.004777
1.140000 0.003848 -0.097984 -0.004880
1.180000 0.003522 -0.089133 -0.004441
1.220000 0.003367 -0.083047 -0.004138
1.260000 0.003268 -0.078181 -0.003896
1.300000 0.003972 -0.068565 -0.003415
1.340000 0.004271 -0.063321 -0.003153
1.380000 0.004214 -0.068226 -0.003397
1.420000 0.004528 -0.060675 -0.003020
1.460000 0.004678 -0.056831 -0.002828
1.500000 0.004815 -0.049637 -0.002470
1.540000 0.004309 -0.047077 -0.002344
1.580000 0.003868 -0.035779 -0.001782
1.620000 0.003987 -0.029570 -0.001473
1.660000 0.003719 -0.034053 -0.001696
1.700000 0.004215 -0.031194 -0.001553
1.740000 0.004119 -0.029903 -0.001489
1.780000 0.004124 -0.024496 -0.001220
1.820000 0.004861 -0.024932 -0.001241
1.860000 0.004624 -0.020935 -0.001042
1.900000 0.004792 -0.011879 -0.000591
1.940000 0.004989 -0.014809 -0.000737
1.980000 0.004665 -0.006219 -0.000310
2.020000 0.004343 -0.008991 -0.000448
2.060000 0.004749 -0.009576 -0.000477
2.100000 0.004705 -0.011897 -0.000592
2.140000 0.005224 -0.010341 -0.000514
2.180000 0.004676 -0.007012 -0.000349
2.220000 0.005111 -0.008500 -0.000423
2.260000 0.004823 -0.008602 -0.000428
2.300000 0.004735 -0.005642 -0.000281
2.340000 0.004819 -0.001781 -0.000089
2.380000 0.004536 -0.010691 -0.000532
2.420000 0.005217 -0.013466 -0.000670
2.460000 0.004777 -0.009806 -0.000488
2.500000 0.004958 -0.002905 -0.000145
2.540000 0.004660 -0.004521 -0.000225
2.580000 0.004687 -0.001786 -0.000089
2.620000 0.004712 -0.002042 -0.000102
2.660000 0.004811 0.004490 0.000223
2.700000 0.005058 0.002994 0.000149
2.740000 0.005157 0.001760 0.000088
2.780000 0.005002 -0.002699 -0.000134
2.820000 0.005325 0.001677 0.000083
2.860000 0.004894 -0.003584 -0.000178
2.900000 0.005417 -0.003194 -0.000159
2.940000 0.005290 0.005677 0.000282
2.980000 0.004969 0.000559 0.000028
3.020000 0.005175 0.004487 0.000223
3.060000 0.005124 0.007268 0.000362
3.100000 0.005198 -0.000742 -0.000037
3.140000 0.005406 0.007418 0.000369
3.180000 0.004822 0.001548 0.000077
3.220000 0.004567 0.002518 0.000125
3.260000 0.004644 0.007822 0.000389
3.300000 0.004739 0.010879 0.000541
3.340000 0.005066 0.011638 0.000579
3.380000 0.004613 0.002445 0.000122
3.420000 0.004533 0.004668 0.000232
3.460000 0.005365 0.017107 0.000851
3.500000 0.004617 0.010399 0.000518
3.540000 0.004836 0.002202 0.000110
3.580000 0.005416 -0.000327 -0.000016
3.620000 0.005549 -0.000691 -0.000034
3.660000 0.004929 0.008480 0.000422
3.700000 0.005356 0.010988 0.000546
3.740000 0.005349 0.009638 0.000479
3.780000 0.005107 0.009190 0.000457
3.820000 0.005298 0.013682 0.000680
3.860000 0.005664 0.007288 0.000362
3.900000 0.005601 0.007014 0.000349
3.940000 0.005487 0.004387 0.000218
3.980000 0.005679 0.002999 0.000149
4.020000 0.005445 0.003199 0.000159
4.060000 0.005511 -0.002023 -0.000101
4.100000 0.005249 -0.003001 -0.000149
4.140000 0.005133 -0.008368 -0.000416
4.180000 0.005244 -0.017598 -0.000875
4.220000 0.005585 -0.013015 -0.000647
4.260000 0.005008 -0.018741 -0.000932
4.300000 0.004998 -0.006687 -0.000333
4.340000 0.005110 0.003667 0.000182
4.380000 0.005813 0.014555 0.000724
4.420000 0.005860 0.002458 0.000122
4.460000 0.005854 -0.005165 -0.000257
4.500000 0.005969 -0.008721 -0.000433
4.540000 0.005995 -0.001265 -0.000063
4.580000 0.006394 -0.008784 -0.000436
4.620000 0.005413 -0.009194 -0.000457
4.660000 0.005153 -0.011707 -0.000582
4.700000 0.005036 -0.009688 -0.000482
4.740000 0.005539 -0.004813 -0.000239
4.780000 0.005695 -0.015441 -0.000768
4.820000 0.005196 0.000671 0.000033
4.860000 0.005207 -0.002913 -0.000145
4.900000 0.005051 -0.012912 -0.000642
4.940000 0.005346 -0.010213 -0.000508
4.980000 0.005620 -0.010691 -0.000532
5.020000 0.005915 -0.005323 -0.000265
5.060000 0.005716 -0.015820 -0.000787
5.100000 0.005046 0.000247 0.000012
5.140000 0.005653 -0.009681 -0.000481
5.180000 0.005747 -0.003637 -0.000181
5.220000 0.006094 -0.005186 -0.000258
5.260000 0.006179 -0.007793 -0.000387
5.300000 0.006424 -0.004637 -0.000230
5.340000 0.005442 0.013216 0.000657
5.380000 0.005791 0.006840 0.000340
5.420000 0.005437 0.004073 0.000203
5.460000 0.005825 -0.002907 -0.000145
5.500000 0.005278 -0.004203 -0.000209
5.540000 0.005144 -0.000713 -0.000035
5.580000 0.005176 0.004523 0.000225
5.620000 0.005234 -0.001951 -0.000097
5.660000 0.005594 -0.007662 -0.000381
5.700000 0.005820 -0.008999 -0.000447
5.740000 0.005577 -0.008012 -0.000398
5.780000 0.005970 -0.017054 -0.000848
5.820000 0.005825 -0.016639 -0.000827
5.860000 0.005665 -0.001591 -0.000079
5.900000 0.005458 -0.002262 -0.000112
5.940000 0.006111 -0.005436 -0.000270
5.980000 0.006168 -0.006219 -0.000309
6.020000 0.006337 0.001007 0.000050
6.060000 0.007214 0.008431 0.000419
6.100000 0.006170 -0.007185 -0.000357
6.140000 0.005764 0.004110 0.000204
6.180000 0.005969 0.006602 0.000328
6.220000 0.006460 0.001397 0.000069
6.260000 0.005705 0.010950 0.000544
6.300000 0.005656 0.007604 0.000378
6.340000 0.005495 0.007709 0.000383
6.380000 0.005644 0.010929 0.000543
6.420000 0.005828 0.009937 0.000494
6.460000 0.005375 -0.001691 -0.000084
6.500000 0.005731 0.009126 0.000454
6.540000 0.006157 0.004493 0.000223
6.580000 0.005781 -0.001835 -0.000091
6.620000 0.005394 -0.002137 -0.000106
6.660000 0.005105 0.006301 0.000313
6.700000 0.004931 0.008930 0.000444
6.740000 0.004910 0.001504 0.000075
6.780000 0.004931 -0.002419 -0.000120
6.820000 0.005041 -0.000113 -0.000006
6.860000 0.005212 -0.008275 -0.000412
6.900000 0.005184 -0.003008 -0.000150
6.940000 0.004935 -0.015548 -0.000774
6.980000 0.005275 -0.010260 -0.000510
7.020000 0.005358 -0.003715 -0.000185
7.060000 0.005443 -0.008655 -0.000430
7.100000 0.005582 -0.002448 -0.000122
7.140000 0.005409 0.006275 0.000312
7.180000 0.005362 0.004876 0.000242
7.220000 0.005107 0.007672 0.000382
7.260000 0.005236 0.005902 0.000294
7.300000 0.005227 0.007070 0.000352
7.340000 0.005268 -0.003566 -0.000177
7.380000 0.005169 0.003811 0.000190
7.420000 0.005127 -0.000191 -0.000010
7.460000 0.004953 -0.011835 -0.000589
7.500000 0.005034 -0.009343 -0.000465
7.540000 0.005401 -0.011299 -0.000562
7.580000 0.005099 -0.007180 -0.000357
7.620000 0.005157 0.003620 0.000180
7.660000 0.005519 -0.002058 -0.000102
7.700000 0.005047 0.003896 0.000194
7.740000 0.005121 0.005326 0.000265
7.780000 0.005544 -0.000823 -0.000041
7.820000 0.005258 -0.001485 -0.000074
7.860000 0.005445 -0.008281 -0.000412
7.900000 0.004730 -0.003238 -0.000161
7.940000 0.004474 -0.008659 -0.000431
7.980000 0.004546 -0.016152 -0.000804
8.020000 0.004758 -0.018130 -0.000902
8.060000 0.004809 -0.006920 -0.000344
8.100000 0.004869 -0.017443 -0.000868
8.140000 0.004751 -0.029211 -0.001454
8.180000 0.005051 -0.020053 -0.000998
8.220000 0.005695 -0.029400 -0.001462
8.260000 0.004985 -0.022520 -0.001120
8.300000 0.005458 -0.033531 -0.001667
8.340000 0.005589 -0.035366 -0.001758
8.380000 0.005347 -0.043959 -0.002186
8.420000 0.005204 -0.037056 -0.001843
8.460000 0.005075 -0.050533 -0.002514
8.500000 0.005476 -0.050871 -0.002530
8.540000 0.005649 -0.061072 -0.003036
8.580000 0.005727 -0.069019 -0.003431
8.620000 0.005592 -0.067699 -0.003366
8.660000 0.005159 -0.068524 -0.003409
8.700000 0.005111 -0.070193 -0.003492
8.740000 0.005235 -0.082976 -0.004127
8.780000 0.005115 -0.089113 -0.004433
8.820000 0.005242 -0.102755 -0.005111
8.860000 0.004666 -0.109066 -0.005428
8.900000 0.005210 -0.127326 -0.006333
8.940000 0.004383 -0.122098 -0.006078
8.980000 0.004734 -0.123248 -0.006133
9.020000 0.004708 -0.139038 -0.006919
9.060000 0.004170 -0.137034 -0.006823
9.100000 0.004674 -0.159804 -0.007953
9.140000 0.004617 -0.173531 -0.008637
9.180000 0.004720 -0.185331 -0.009223
9.220000 0.004306 -0.199191 -0.009917
9.260000 0.003975 -0.213833 -0.010649
9.300000 0.003585 -0.228389 -0.011379
9.340000 0.003720 -0.258429 -0.012874
9.380000 0.003469 -0.267614 -0.013334
9.420000 0.003780 -0.285746 -0.014233
9.460000 0.003010 -0.315595 -0.015732
9.500000 0.003182 -0.333274 -0.016611
9.540000 0.002873 -0.365547 -0.018225
9.580000 0.003176 -0.392934 -0.019585
9.620000 0.002968 -0.422772 -0.021076
9.660000 0.002349 -0.454179 -0.022656
9.700000 0.002360 -0.491189 -0.024502
9.740000 0.002171 -0.533219 -0.026603
9.780000 0.002194 -0.583229 -0.029098
9.820000 0.001663 -0.632011 -0.031548
9.860000 0.001428 -0.685641 -0.034233
9.900000 0.001001 -0.758025 -0.037863
9.940000 0.000621 -0.835710 -0.041760
9.980000 0.000475 -0.934385 -0.046697
